45
45
1 1 3 25 4
2 7 3 14 3
3 4 2 9 1
4 5 3 30 2
5 3 2 32 3
6 26 1 42 4
7 6 1 13 1
8 18 4 24 4
9 14 1 15 4
10 10 1 35 1
11 29 2 40 3
12 5 1 19 2
13 12 1 44 3
14 42 2 45 2
15 3 4 15 1
16 1 2 3 3
17 2 4 39 2
18 13 2 27 4
19 31 1 44 2
20 6 3 25 2
21 15 3 45 4
22 27 2 31 2
23 43 2 45 3
24 18 2 19 1
25 5 4 30 3
26 7 1 16 4
27 17 1 33 4
28 26 4 41 2
29 21 4 22 3
30 11 2 38 4
31 4 1 44 1
32 28 4 37 1
33 4 4 9 4
34 16 3 29 3
35 20 1 21 2
36 12 4 20 4
37 23 4 36 3
38 21 3 45 1
39 32 2 43 3
40 24 3 31 3
41 34 2 37 2
42 8 3 35 2
43 18 1 20 2
44 14 2 18 3
45 2 2 11 3
