600
180
1 181 3 265 4
2 44 3 142 3
3 484 2 594 1
4 194 3 529 3
5 37 3 304 3
6 230 3 405 2
7 152 3 258 2
8 161 1 342 4
9 171 1 433 1
10 243 4 594 4
11 239 1 345 4
12 100 1 155 1
13 67 3 528 3
14 44 2 355 3
15 50 1 79 2
16 329 3 432 1
17 311 3 573 4
18 255 2 432 2
19 240 1 468 4
20 46 4 557 3
21 198 3 361 2
22 9 2 302 4
23 28 2 222 4
24 179 2 271 1
25 216 3 505 2
26 15 4 315 3
27 31 2 147 2
28 470 1 501 4
29 36 2 74 3
30 38 4 491 1
31 268 2 555 3
32 439 1 528 2
33 270 3 578 4
34 226 2 316 2
35 1 4 52 1
36 29 1 170 4
37 273 4 437 1
38 299 1 489 2
39 341 2 401 4
40 291 4 487 3
41 476 2 593 4
42 284 1 514 1
43 238 3 483 4
44 181 2 322 1
45 247 1 253 4
46 79 3 523 2
47 39 4 304 4
48 238 4 389 1
49 239 3 466 3
50 200 4 267 4
51 53 4 472 3
52 177 1 300 4
53 454 4 467 4
54 187 3 373 4
55 115 3 150 4
56 366 3 398 4
57 64 1 337 3
58 146 3 289 2
59 66 3 225 1
60 105 2 299 3
61 16 4 537 2
62 482 2 493 3
63 264 1 420 3
64 5 4 18 4
65 20 3 477 2
66 159 3 196 3
67 13 2 265 1
68 63 3 451 3
69 266 1 474 2
70 89 3 239 4
71 151 4 240 3
72 64 2 187 2
73 59 4 209 4
74 125 2 563 3
75 350 1 433 4
76 317 4 537 4
77 210 2 286 3
78 117 4 511 4
79 55 2 137 2
80 213 4 476 1
81 140 2 333 1
82 314 2 483 3
83 167 2 236 3
84 387 3 514 2
85 406 4 577 4
86 61 4 553 4
87 112 2 274 3
88 78 1 107 3
89 461 2 482 4
90 132 2 234 4
91 38 2 180 1
92 271 2 297 1
93 413 3 549 2
94 433 2 512 2
95 114 3 253 2
96 51 3 515 4
97 129 3 223 4
98 190 2 459 3
99 103 3 383 4
100 246 1 277 4
101 168 2 306 4
102 395 3 418 1
103 36 3 366 2
104 167 4 277 3
105 456 3 600 2
106 73 1 171 2
107 152 4 284 4
108 291 2 413 2
109 388 4 507 4
110 290 4 494 4
111 139 4 579 2
112 285 1 533 3
113 163 4 438 3
114 203 4 444 1
115 203 1 454 1
116 146 1 387 4
117 27 2 560 4
118 131 1 474 3
119 87 4 414 4
120 101 2 404 3
121 89 2 555 2
122 55 4 243 3
123 427 4 439 4
124 101 3 506 2
125 126 1 304 2
126 437 3 579 1
127 312 2 506 3
128 124 2 554 2
129 85 4 426 3
130 13 1 84 2
131 199 1 498 1
132 90 3 99 4
133 86 2 309 4
134 62 2 401 1
135 56 1 104 3
136 32 1 380 4
137 319 1 458 4
138 219 3 419 3
139 344 4 452 2
140 210 4 376 4
141 204 2 410 4
142 22 1 88 1
143 157 3 513 3
144 106 4 240 4
145 13 3 392 4
146 200 2 225 4
147 311 1 482 3
148 370 3 509 1
149 321 3 372 2
150 347 1 564 1
151 376 3 466 1
152 94 3 343 4
153 50 2 324 1
154 1 1 263 2
155 211 1 482 1
156 39 1 380 1
157 214 1 414 2
158 214 3 595 1
159 227 2 298 4
160 386 4 523 4
161 233 4 422 4
162 143 2 560 1
163 7 1 56 2
164 425 1 487 1
165 188 3 236 1
166 24 2 188 4
167 498 2 505 3
168 284 3 388 1
169 172 3 325 2
170 446 1 539 1
171 144 1 166 3
172 40 3 165 2
173 78 4 154 4
174 8 4 500 3
175 137 1 480 1
176 412 3 597 1
177 211 4 384 3
178 206 2 556 1
179 126 3 437 2
180 249 2 591 1
