90
90
1 1 3 25 4
2 14 3 52 3
3 4 2 54 1
4 4 3 7 3
5 50 3 75 2
6 32 3 48 2
7 42 4 71 1
8 13 1 51 1
9 24 4 63 4
10 15 4 59 1
11 10 1 35 1
12 74 2 85 3
13 19 2 50 1
14 12 1 89 3
15 42 2 45 2
16 48 4 60 1
17 16 4 77 3
18 1 2 48 3
19 2 4 39 2
20 58 2 72 4
21 31 1 89 2
22 6 3 25 2
23 15 3 45 4
24 27 2 31 2
25 21 4 80 1
26 45 3 88 2
27 18 2 19 1
28 60 3 68 4
29 5 4 30 3
30 46 2 76 2
31 44 3 50 2
32 52 1 61 4
33 29 1 50 4
34 17 1 33 4
35 41 2 71 4
36 56 2 83 4
37 4 1 44 1
38 37 1 73 4
39 13 2 19 3
40 4 4 9 4
41 16 3 29 3
42 20 1 66 2
43 20 4 57 4
44 27 1 90 4
45 47 4 64 4
46 43 4 67 3
47 26 3 49 2
48 45 1 66 3
49 32 2 43 3
50 18 4 65 4
51 69 3 76 3
52 25 1 43 2
53 26 1 54 2
54 59 3 89 4
55 34 2 37 2
56 35 2 53 3
57 77 4 87 4
58 30 2 46 3
59 3 4 86 1
60 20 2 63 1
61 14 2 63 3
62 47 2 56 3
63 67 4 76 4
64 13 4 31 4
65 17 3 48 1
66 68 2 90 1
67 10 2 39 3
68 6 4 78 2
69 80 3 82 1
70 5 3 58 1
71 83 1 90 3
72 32 4 74 4
73 21 2 23 2
74 6 2 49 3
75 19 4 69 2
76 24 1 53 4
77 23 1 64 1
78 80 4 87 2
79 71 2 74 3
80 3 3 55 4
81 26 2 71 3
82 2 2 11 1
83 44 4 62 2
84 30 4 46 4
85 22 1 28 1
86 75 4 80 2
87 10 3 89 1
88 72 2 81 3
89 47 1 84 1
90 61 1 62 1
