180
180
1 1 3 25 4
2 104 3 142 3
3 4 2 54 1
4 14 3 169 3
5 4 3 97 3
6 50 3 165 2
7 32 3 138 2
8 42 4 161 1
9 13 1 51 1
10 63 4 114 4
11 59 1 105 4
12 35 1 100 1
13 7 3 108 3
14 164 2 175 3
15 19 2 50 1
16 12 1 89 3
17 71 3 153 4
18 132 2 135 2
19 48 4 60 1
20 77 3 106 4
21 1 2 138 3
22 2 4 129 2
23 148 2 162 4
24 31 1 179 2
25 25 2 96 3
26 15 3 135 4
27 27 2 31 2
28 21 4 170 1
29 38 4 71 1
30 88 2 135 3
31 19 1 108 2
32 150 3 158 4
33 5 4 30 3
34 136 2 166 2
35 50 2 134 3
36 52 1 61 4
37 29 1 50 4
38 17 1 33 4
39 41 2 161 4
40 67 3 111 4
41 56 2 173 4
42 44 1 94 1
43 73 4 127 1
44 19 3 103 2
45 4 4 99 4
46 58 4 149 1
47 106 3 119 3
48 20 1 156 2
49 20 4 147 4
50 117 1 180 4
51 47 4 154 4
52 90 4 115 3
53 4 1 157 3
54 26 3 49 2
55 45 1 66 3
56 16 4 177 2
57 122 2 133 3
58 84 1 120 3
59 18 4 65 4
60 57 2 140 3
61 76 3 159 3
62 25 1 133 2
63 91 3 123 3
64 26 1 54 2
65 149 3 179 4
66 124 2 127 2
67 59 4 149 4
68 125 2 143 3
69 77 4 177 4
70 30 2 46 3
71 117 4 151 4
72 77 2 115 2
73 93 4 176 1
74 20 2 153 1
75 14 2 63 3
76 47 2 56 3
77 27 3 34 2
78 157 4 166 4
79 13 4 121 4
80 52 2 94 3
81 107 3 138 1
82 158 2 180 1
83 13 2 92 2
84 111 3 155 4
85 9 3 163 4
86 10 2 39 3
87 23 4 43 3
88 6 4 168 2
89 82 1 170 3
90 58 1 95 3
91 126 2 156 3
92 90 3 173 1
93 121 2 180 3
94 32 4 164 4
95 111 2 113 2
96 96 2 139 3
97 87 4 148 4
98 110 4 134 4
99 19 4 159 2
100 24 1 143 4
101 23 1 154 1
102 80 4 87 2
103 161 2 164 3
104 75 2 149 2
105 3 3 55 4
106 144 1 157 1
107 67 4 139 4
108 26 2 161 3
109 17 3 39 1
110 72 2 146 3
111 9 4 86 2
112 2 2 101 1
113 25 3 69 2
114 44 4 152 2
115 30 4 136 4
116 22 1 28 1
117 46 4 60 4
118 80 2 165 4
119 10 3 89 1
120 34 3 103 4
121 23 2 121 1
122 62 1 151 1
123 80 1 159 1
124 116 2 126 3
125 33 2 126 1
126 83 2 140 1
127 7 1 65 1
128 116 1 128 3
129 24 2 68 4
130 119 1 146 1
131 95 4 147 3
132 8 4 80 3
133 57 1 172 3
134 40 3 60 2
135 34 1 133 1
136 84 3 91 4
137 6 3 137 2
138 84 2 132 1
139 108 1 160 3
140 41 4 54 4
141 85 3 124 1
142 113 1 134 2
143 16 2 106 1
144 70 2 169 2
145 1 4 17 4
146 119 4 142 2
147 35 3 135 1
148 22 4 158 3
149 127 4 130 4
150 29 4 63 2
151 53 4 123 2
152 30 1 97 4
153 51 2 173 2
154 48 1 81 1
155 102 4 170 2
156 23 3 152 1
157 119 2 169 4
158 61 1 114 2
159 171 1 178 1
160 9 2 171 4
161 118 3 175 1
162 123 4 163 1
163 45 4 105 3
164 36 1 131 4
165 29 2 96 4
166 68 2 72 4
167 32 1 122 1
168 111 1 144 4
169 29 3 101 2
170 31 3 61 2
171 37 2 64 3
172 1 1 95 1
173 11 4 18 1
174 52 3 129 3
175 68 3 116 3
176 83 4 110 1
177 90 1 172 1
178 46 1 72 1
179 63 1 129 1
180 132 4 147 2
