360
360
1 25 4 181 3
2 142 3 284 3
3 4 2 234 1
4 169 3 194 3
5 184 3 277 3
6 165 2 230 3
7 32 3 138 2
8 161 1 222 4
9 51 1 193 1
10 114 4 243 4
11 105 4 239 1
12 35 1 100 1
13 187 3 288 3
14 164 2 355 3
15 50 1 199 2
16 89 3 192 1
17 71 3 333 4
18 135 2 312 2
19 228 4 240 1
20 77 3 286 4
21 1 2 318 3
22 129 2 182 4
23 148 2 342 4
24 31 1 179 2
25 25 2 96 3
26 135 4 195 3
27 27 2 31 2
28 21 4 350 1
29 38 4 251 1
30 268 2 315 3
31 199 1 288 2
32 150 3 338 4
33 30 3 185 4
34 316 2 346 2
35 230 2 314 3
36 52 1 241 4
37 29 1 50 4
38 33 4 197 1
39 161 4 221 2
40 247 3 291 4
41 236 2 353 4
42 44 1 274 1
43 82 1 181 2
44 127 1 253 4
45 199 3 283 2
46 184 4 279 4
47 149 1 238 4
48 106 3 119 3
49 156 2 200 1
50 147 4 200 4
51 173 4 352 3
52 180 4 297 1
53 227 4 334 4
54 67 3 133 4
55 115 3 270 4
56 126 3 158 4
57 184 1 337 3
58 26 3 49 2
59 66 3 225 1
60 299 3 345 2
61 16 4 177 2
62 122 2 133 3
63 264 1 300 3
64 18 4 245 4
65 140 3 237 2
66 76 3 159 3
67 25 1 133 2
68 91 3 303 3
69 26 1 234 2
70 329 3 359 4
71 120 3 151 4
72 304 2 307 2
73 59 4 329 4
74 125 2 323 3
75 193 4 230 1
76 77 4 177 4
77 46 3 210 2
78 257 2 295 2
79 93 4 356 1
80 20 2 333 1
81 194 2 243 3
82 47 2 236 3
83 27 3 34 2
84 166 4 337 4
85 232 2 274 3
86 107 3 318 1
87 2 4 101 2
88 158 2 180 1
89 293 3 309 2
90 193 2 272 2
91 155 4 291 3
92 9 3 343 4
93 190 2 219 3
94 23 4 223 3
95 157 4 246 1
96 168 2 186 4
97 58 1 275 3
98 126 2 156 3
99 173 1 270 3
100 121 2 360 3
101 32 4 164 4
102 291 2 293 2
103 276 2 319 3
104 148 4 267 4
105 134 4 290 4
106 19 4 339 2
107 45 1 173 3
108 163 4 198 3
109 204 1 323 4
110 203 1 334 1
111 80 4 267 2
112 54 4 327 4
113 164 3 341 2
114 75 2 329 2
115 3 3 55 4
116 144 1 157 1
117 67 4 319 4
118 26 2 341 3
119 197 3 219 1
120 72 2 146 3
121 205 4 306 3
122 13 1 84 2
123 79 1 138 1
124 210 3 339 4
125 86 2 189 4
126 182 2 281 1
127 205 3 249 2
128 176 1 224 3
129 20 4 272 1
130 224 4 332 2
131 136 4 210 4
132 22 1 208 1
133 153 3 157 3
134 226 4 240 4
135 80 2 345 4
136 71 1 122 3
137 10 3 269 1
138 81 3 252 2
139 84 1 227 1
140 106 1 256 3
141 103 4 214 3
142 23 2 121 1
143 242 1 331 1
144 159 1 260 1
145 94 3 115 1
146 227 2 298 4
147 26 4 283 4
148 126 1 213 2
149 263 2 320 1
150 7 1 65 1
151 116 1 308 3
152 24 2 68 4
153 6 4 264 2
154 52 3 205 2
155 299 1 326 1
156 78 4 154 4
157 147 3 275 4
158 8 4 260 3
159 231 1 295 4
160 257 1 360 1
161 172 3 237 1
162 220 3 240 2
163 133 1 214 1
164 91 4 264 3
165 6 3 317 2
166 225 4 312 1
167 108 1 160 3
168 41 4 234 4
169 85 3 124 1
170 134 2 293 1
171 42 2 146 1
172 137 4 266 2
173 149 4 276 1
174 38 1 184 2
175 235 4 354 2
176 18 3 203 4
177 16 2 286 1
178 116 4 294 4
179 169 2 250 2
180 1 4 17 4
181 119 4 322 2
182 61 4 78 3
183 215 3 315 1
184 166 2 351 4
185 158 3 202 4
186 127 4 130 4
187 174 1 246 3
188 29 4 63 2
189 23 1 54 3
190 53 4 123 2
191 30 1 277 4
192 304 1 307 3
193 51 2 173 2
194 307 4 342 1
195 88 1 115 2
196 74 3 108 3
197 57 4 204 2
198 198 4 203 2
199 48 1 261 1
200 285 4 313 4
201 170 2 282 4
202 207 3 241 1
203 186 3 207 1
204 70 2 273 3
205 321 2 335 4
206 124 4 231 2
207 17 3 246 2
208 23 3 152 1
209 299 2 349 4
210 69 2 242 3
211 56 3 263 1
212 103 2 344 4
213 206 1 243 1
214 256 2 314 4
215 15 3 128 1
216 7 2 257 3
217 164 1 170 1
218 321 4 350 2
219 171 1 358 1
220 3 4 199 4
221 187 4 255 2
222 155 1 302 2
223 90 3 256 1
224 171 4 189 2
225 298 3 355 1
226 163 1 303 4
227 201 4 224 2
228 106 4 172 4
229 45 4 285 3
230 36 1 131 4
231 123 4 175 2
232 28 1 311 1
233 65 4 294 3
234 29 2 96 4
235 248 2 252 4
236 77 2 283 1
237 122 1 212 1
238 111 1 144 4
239 209 3 281 2
240 61 2 211 3
241 24 1 111 2
242 31 3 75 4
243 64 3 217 2
244 181 1 275 1
245 21 2 303 2
246 22 3 324 4
247 11 4 18 1
248 232 3 309 3
249 313 3 352 2
250 68 3 116 3
251 45 2 332 1
252 110 1 263 4
253 90 1 352 1
254 78 2 83 4
255 50 2 262 2
256 72 1 226 1
257 312 4 327 2
258 223 4 265 2
259 103 1 348 4
260 96 1 140 2
261 11 1 43 1
262 65 2 88 2
263 150 1 258 2
264 69 1 343 1
265 194 1 259 4
266 276 4 322 3
267 69 4 308 4
268 79 4 183 4
269 19 1 250 4
270 206 4 218 2
271 140 1 180 2
272 130 2 340 2
273 121 3 159 2
274 174 4 310 1
275 49 4 250 1
276 97 4 325 4
277 93 3 186 1
278 87 1 145 1
279 73 1 162 2
280 33 2 229 3
281 278 2 348 1
282 120 4 282 3
283 55 1 263 3
284 5 4 292 2
285 109 4 255 1
286 152 2 272 4
287 128 3 206 2
288 44 2 325 2
289 112 1 298 1
290 38 2 220 4
291 41 1 177 3
292 124 2 215 4
293 2 2 241 2
294 62 1 255 4
295 182 3 318 4
296 51 3 274 2
297 15 1 354 1
298 76 1 186 2
299 2 3 216 4
300 62 2 310 3
301 61 3 284 4
302 286 3 287 4
303 280 4 331 3
304 74 2 125 4
305 89 2 351 2
306 109 3 334 3
307 150 4 254 2
308 136 1 271 2
309 74 4 105 1
310 282 2 335 3
311 44 4 176 2
312 91 2 134 3
313 42 4 160 4
314 103 3 337 1
315 218 4 290 2
316 131 3 279 2
317 49 3 261 2
318 241 3 351 3
319 310 4 351 1
320 235 2 236 4
321 62 4 292 4
322 231 4 326 4
323 167 1 200 2
324 60 1 168 4
325 37 3 265 4
326 113 1 233 2
327 151 2 258 1
328 114 1 218 3
329 92 3 247 1
330 34 1 85 4
331 191 4 278 4
332 229 1 316 4
333 86 4 195 4
334 37 4 238 2
335 84 3 143 2
336 30 4 106 2
337 187 1 320 3
338 167 3 335 1
339 314 1 324 2
340 35 2 66 1
341 269 2 301 2
342 105 2 183 3
343 59 3 266 3
344 146 4 209 2
345 51 4 104 4
346 153 2 346 3
347 101 3 211 2
348 161 3 357 1
349 275 2 334 2
350 63 4 160 2
351 159 4 269 4
352 14 2 233 1
353 185 2 196 1
354 10 4 17 2
355 226 2 273 4
356 4 3 143 3
357 249 4 346 1
358 15 4 254 1
359 104 2 179 3
360 230 4 252 3
