720
720
1 25 4 181 3
2 284 3 502 3
3 364 2 594 1
4 169 3 554 3
5 184 3 277 3
6 165 2 590 3
7 138 2 392 3
8 222 4 521 1
9 411 1 553 1
10 114 4 603 4
11 105 4 599 1
12 100 1 395 1
13 187 3 648 3
14 355 3 524 2
15 410 1 559 2
16 449 3 552 1
17 333 4 431 3
18 135 2 312 2
19 588 4 600 1
20 286 4 437 3
21 1 2 678 3
22 489 2 542 4
23 148 2 342 4
24 31 1 179 2
25 25 2 456 3
26 135 4 555 3
27 31 2 387 2
28 21 4 710 1
29 251 1 398 4
30 268 2 315 3
31 199 1 648 2
32 510 3 698 4
33 30 3 545 4
34 316 2 346 2
35 230 2 314 3
36 52 1 241 4
37 50 4 389 1
38 197 1 393 4
39 129 2 419 1
40 221 2 521 4
41 607 3 651 4
42 353 4 596 2
43 274 1 404 1
44 82 1 541 2
45 487 1 613 4
46 559 3 643 2
47 184 4 279 4
48 238 4 509 1
49 466 3 479 3
50 516 2 560 1
51 147 4 200 4
52 533 4 712 3
53 180 4 297 1
54 227 4 334 4
55 67 3 133 4
56 115 3 630 4
57 486 3 518 4
58 184 1 337 3
59 386 3 409 2
60 225 1 426 3
61 299 3 705 2
62 376 4 537 2
63 122 2 493 3
64 264 1 300 3
65 378 4 605 4
66 500 3 597 2
67 76 3 159 3
68 25 1 493 2
69 91 3 303 3
70 386 1 594 2
71 359 4 689 3
72 120 3 151 4
73 664 2 667 2
74 59 4 329 4
75 323 3 485 2
76 553 4 590 1
77 177 4 437 4
78 210 2 406 3
79 267 1 637 3
80 257 2 295 2
81 453 4 716 1
82 20 2 333 1
83 194 2 603 3
84 47 2 236 3
85 387 3 394 2
86 166 4 337 4
87 193 4 301 4
88 592 2 634 3
89 467 3 678 1
90 362 4 461 2
91 158 2 540 1
92 293 3 309 2
93 272 2 553 2
94 133 2 714 3
95 155 4 291 3
96 369 3 703 4
97 190 2 219 3
98 383 4 583 3
99 517 4 606 1
100 168 2 186 4
101 58 1 635 3
102 486 2 516 3
103 96 3 600 2
104 533 1 630 3
105 121 2 360 3
106 171 2 193 1
107 164 4 392 4
108 293 2 651 2
109 276 2 319 3
110 267 4 508 4
111 494 4 650 4
112 339 2 379 4
113 447 3 474 4
114 405 1 533 3
115 523 4 558 3
116 323 4 564 1
117 203 1 694 1
118 506 1 627 4
119 80 4 267 2
120 234 2 427 2
121 414 4 687 4
122 164 3 701 2
123 16 4 457 1
124 75 2 329 2
125 55 4 363 3
126 144 1 517 1
127 319 4 427 4
128 26 2 701 3
129 557 3 579 1
130 432 2 506 3
131 205 4 666 3
132 84 2 373 1
133 439 1 498 1
134 339 4 570 3
135 446 2 549 4
136 182 2 281 1
137 565 3 609 2
138 176 1 224 3
139 20 4 632 1
140 319 1 338 4
141 224 4 332 2
142 136 4 570 4
143 382 1 568 1
144 157 3 513 3
145 240 4 586 4
146 133 3 272 4
147 440 2 705 4
148 122 3 431 1
149 269 1 370 3
150 81 3 612 2
151 84 1 227 1
152 106 1 256 3
153 103 4 574 3
154 410 2 444 1
155 23 2 121 1
156 602 1 691 1
157 159 1 620 1
158 115 1 454 3
159 587 2 658 4
160 386 4 643 4
161 306 3 476 2
162 126 1 213 2
163 320 1 623 2
164 127 1 296 2
165 367 1 425 1
166 116 1 668 3
167 24 2 68 4
168 6 4 264 2
169 268 1 524 3
170 52 3 205 2
171 659 1 686 1
172 166 3 624 1
173 520 3 525 2
174 78 4 514 4
175 147 3 275 4
176 368 4 620 3
177 327 4 491 1
178 591 1 655 4
179 360 1 617 1
180 237 1 532 3
181 260 3 475 1
182 133 1 574 1
183 91 4 624 3
184 86 2 676 1
185 6 3 677 2
186 585 4 672 1
187 160 3 468 1
188 41 4 234 4
189 85 3 484 1
190 494 2 653 1
191 497 4 626 2
192 421 1 697 3
193 178 4 679 4
194 509 4 636 1
195 184 2 398 1
196 235 4 354 2
197 219 1 497 1
198 154 4 244 1
199 378 3 563 4
200 376 2 646 1
201 116 4 654 4
202 169 2 610 2
203 383 3 385 4
204 101 2 696 2
205 1 4 377 4
206 322 2 479 4
207 421 4 438 3
208 210 3 500 2
209 575 3 675 1
210 166 2 351 4
211 518 3 562 4
212 130 4 487 4
213 174 1 246 3
214 63 2 389 4
215 54 3 383 1
216 413 4 483 2
217 30 1 637 4
218 127 4 638 4
219 307 3 664 1
220 411 2 533 2
221 307 4 342 1
222 88 1 475 2
223 260 1 626 3
224 74 3 468 3
225 57 4 204 2
226 198 4 203 2
227 418 1 592 1
228 48 1 261 1
229 645 4 673 4
230 530 2 642 4
231 146 2 558 4
232 264 3 476 3
233 207 3 241 1
234 186 3 207 1
235 70 2 273 3
236 681 2 695 4
237 2 4 500 4
238 231 2 484 4
239 377 3 606 2
240 299 2 709 4
241 17 3 463 3
242 69 2 602 3
243 56 3 263 1
244 463 2 704 4
245 206 1 243 1
246 616 2 674 4
247 15 3 128 1
248 216 1 507 3
249 367 2 617 3
250 164 1 170 1
251 356 1 666 1
252 68 3 693 4
253 681 4 710 2
254 531 1 718 1
255 3 4 559 4
256 187 4 615 2
257 234 1 650 2
258 155 1 302 2
259 90 3 616 1
260 171 4 549 2
261 298 3 355 1
262 163 1 303 4
263 326 1 356 2
264 314 4 423 4
265 201 4 224 2
266 172 4 466 4
267 405 4 645 3
268 396 1 491 4
269 123 4 535 2
270 108 2 482 3
271 28 1 671 1
272 253 4 462 2
273 65 4 294 3
274 29 2 456 4
275 252 4 608 2
276 77 2 283 1
277 212 1 482 1
278 144 4 471 1
279 209 3 641 2
280 2 2 451 3
281 570 2 646 2
282 375 3 626 1
283 61 2 571 3
284 22 3 227 2
285 24 1 471 2
286 382 2 672 2
287 445 4 658 3
288 391 3 435 4
289 185 4 524 1
290 440 4 656 2
291 64 3 577 2
292 181 1 635 1
293 21 2 663 2
294 215 3 719 3
295 371 4 378 1
296 309 3 592 3
297 102 4 263 2
298 673 3 712 2
299 77 3 177 2
300 405 2 692 1
301 263 4 470 1
302 90 1 352 1
303 78 2 443 4
304 226 1 293 1
305 603 1 669 1
306 327 2 672 4
307 223 4 625 2
308 348 4 463 1
309 83 4 259 3
310 230 3 512 2
311 11 1 43 1
312 65 2 88 2
313 111 1 348 2
314 258 2 510 1
315 343 1 429 1
316 194 1 619 4
317 276 4 322 3
318 11 4 387 4
319 69 4 308 4
320 79 4 183 4
321 19 1 610 4
322 206 4 578 2
323 140 1 180 2
324 340 2 490 2
325 71 2 536 1
326 121 3 519 2
327 534 4 670 1
328 409 4 610 1
329 103 1 710 4
330 250 2 346 3
331 97 4 685 4
332 19 4 632 4
333 36 1 691 3
334 186 1 453 3
335 87 1 505 1
336 412 1 573 2
337 73 1 522 2
338 229 3 393 2
339 638 2 708 1
340 282 3 480 4
341 263 3 415 1
342 365 4 652 2
343 469 4 615 1
344 245 4 349 4
345 540 2 663 3
346 128 3 566 2
347 548 2 644 3
348 62 3 109 4
349 325 2 404 2
350 112 1 658 1
351 38 2 580 4
352 177 3 401 1
353 42 2 120 1
354 247 3 460 2
355 484 2 575 4
356 285 3 428 2
357 62 1 255 4
358 332 3 580 3
359 71 3 448 1
360 131 2 385 1
361 182 3 678 4
362 187 1 214 1
363 51 3 274 2
364 223 3 510 4
365 242 1 490 1
366 318 3 621 4
367 375 1 714 1
368 186 2 436 1
369 216 4 362 3
370 320 2 587 1
371 69 1 246 1
372 422 2 670 3
373 421 3 644 4
374 669 2 690 1
375 287 4 646 3
376 74 2 125 4
377 89 2 711 2
378 109 3 334 3
379 27 2 102 3
380 136 1 271 2
381 74 4 105 1
382 282 2 695 3
383 44 4 176 2
384 91 2 134 3
385 160 4 402 4
386 161 1 192 3
387 403 3 585 1
388 103 3 337 1
389 290 2 578 4
390 185 3 304 2
391 72 2 204 4
392 279 2 491 3
393 261 2 409 3
394 241 3 351 3
395 351 1 670 4
396 163 4 254 1
397 235 2 596 4
398 62 4 652 4
399 173 2 552 4
400 326 4 591 4
401 200 2 527 1
402 26 1 363 1
403 60 1 528 4
404 397 3 625 4
405 113 1 233 2
406 326 2 427 3
407 237 2 457 2
408 151 2 258 1
409 85 4 398 2
410 218 3 474 1
411 247 1 452 3
412 253 3 611 1
413 488 4 587 4
414 214 3 700 1
415 229 1 316 4
416 195 4 446 4
417 37 4 598 2
418 84 3 503 2
419 106 3 330 3
420 30 4 106 2
421 625 1 719 4
422 114 1 283 4
423 320 3 547 1
424 167 3 335 1
425 634 1 691 2
426 363 4 499 4
427 314 1 684 2
428 395 2 426 1
429 416 3 564 3
430 269 2 301 2
431 105 2 543 3
432 266 3 419 3
433 146 4 209 2
434 51 4 464 4
435 292 2 553 3
436 97 3 325 4
437 513 2 706 3
438 345 2 373 3
439 420 4 511 2
440 211 2 461 3
441 462 4 583 4
442 161 3 357 1
443 275 2 694 2
444 535 3 565 2
445 63 4 520 2
446 159 4 629 4
447 145 3 250 4
448 387 1 422 1
449 14 2 233 1
450 338 3 483 4
451 302 1 612 4
452 239 4 675 3
453 185 2 556 1
454 465 1 661 4
455 295 4 688 4
456 588 3 639 2
457 10 4 17 2
458 226 2 273 4
459 4 3 143 3
460 423 3 428 4
461 249 4 346 1
462 15 4 614 1
463 204 1 394 4
464 335 3 661 1
465 179 3 464 2
466 290 4 442 2
467 357 2 584 4
468 168 1 262 2
469 590 4 612 3
470 215 4 572 3
471 141 2 281 2
472 124 1 551 4
473 3 1 174 2
474 286 3 622 2
475 50 1 593 3
476 90 2 546 1
477 506 2 648 1
478 59 3 637 1
479 402 1 663 4
480 469 2 690 3
481 418 2 446 1
482 99 4 450 3
483 537 1 660 2
484 368 1 713 2
485 597 3 697 4
486 274 4 716 4
487 85 1 301 1
488 538 3 621 2
489 240 3 285 1
490 461 4 659 2
491 76 4 144 2
492 236 4 669 3
493 487 3 614 2
494 205 1 665 1
495 32 4 712 4
496 46 2 211 4
497 306 1 647 2
498 298 1 574 2
499 336 4 501 4
500 10 3 45 3
501 284 2 578 1
502 88 4 141 1
503 82 2 280 2
504 151 3 285 2
505 89 4 476 4
506 81 2 193 2
507 225 4 566 3
508 288 2 694 3
509 150 3 266 1
510 7 3 19 2
511 419 4 585 2
512 135 3 469 1
513 291 1 566 4
514 515 2 572 1
515 372 3 507 1
516 280 4 375 4
517 28 4 581 4
518 316 1 510 2
519 23 1 687 3
520 312 3 564 2
521 331 2 383 2
522 162 1 255 3
523 492 1 620 2
524 176 4 394 3
525 361 1 689 4
526 478 3 659 3
527 352 2 552 2
528 89 1 447 2
529 394 1 561 4
530 327 1 634 4
531 411 4 513 1
532 220 2 393 1
533 242 3 685 2
534 244 2 306 4
535 149 4 662 4
536 104 1 629 2
537 328 2 368 2
538 71 1 158 3
539 154 1 192 2
540 350 2 597 1
541 433 4 499 2
542 176 3 451 1
543 238 1 632 2
544 328 4 645 1
545 361 4 418 3
546 162 3 674 3
547 216 2 342 2
548 15 1 506 4
549 239 3 675 2
550 142 3 536 2
551 100 4 462 3
552 26 3 315 2
553 207 2 297 4
554 321 2 720 1
555 380 1 642 3
556 304 3 445 1
557 182 1 717 2
558 380 4 630 2
559 208 1 448 4
560 228 1 236 2
561 536 4 678 2
562 35 2 695 1
563 523 1 699 4
564 390 1 403 1
565 138 4 232 1
566 188 4 189 1
567 131 1 633 2
568 2 3 449 1
569 67 1 443 3
570 74 1 86 4
571 526 3 628 3
572 505 2 550 1
573 430 3 639 1
574 298 4 614 4
575 93 4 485 1
576 165 1 655 3
577 232 3 478 2
578 390 3 573 4
579 102 1 542 2
580 353 2 457 3
581 414 1 555 2
582 353 3 489 4
583 110 4 329 1
584 236 1 445 2
585 514 2 562 3
586 331 4 367 4
587 520 1 588 2
588 159 2 341 2
589 460 1 647 1
590 77 1 563 2
591 219 4 408 2
592 175 3 344 2
593 55 1 502 4
594 584 1 682 2
595 421 2 641 1
596 139 3 604 3
597 486 4 715 3
598 142 1 581 1
599 204 3 214 2
600 111 2 706 2
601 137 4 333 2
602 192 4 268 4
603 67 4 444 3
604 291 4 647 4
605 137 3 645 2
606 334 2 559 1
607 389 2 547 4
608 307 2 538 1
609 175 2 208 3
610 101 1 214 4
611 194 4 429 2
612 343 2 700 3
613 203 4 237 4
614 177 1 308 3
615 146 3 676 4
616 434 1 498 3
617 168 4 706 1
618 467 4 676 2
619 59 1 207 4
620 468 4 544 2
621 347 4 624 2
622 492 4 550 3
623 314 2 608 3
624 173 3 677 1
625 294 4 665 2
626 305 4 313 3
627 416 1 471 3
628 201 3 382 3
629 129 3 359 1
630 145 4 388 4
631 49 3 407 2
632 108 4 111 3
633 282 4 522 3
634 653 4 694 4
635 338 2 633 4
636 117 1 139 2
637 165 3 664 3
638 441 4 452 4
639 1 1 567 3
640 18 3 492 2
641 182 4 444 2
642 447 4 649 4
643 94 2 554 2
644 95 3 492 3
645 547 3 642 2
646 5 1 172 1
647 550 4 561 2
648 86 1 595 4
649 333 3 683 1
650 303 2 305 3
651 160 1 183 1
652 245 1 306 2
653 335 2 649 3
654 132 1 295 1
655 112 3 602 2
656 650 3 702 3
657 21 3 357 3
658 311 2 384 4
659 392 1 520 4
660 56 1 93 1
661 19 3 211 3
662 113 3 431 4
663 189 2 440 3
664 286 2 580 1
665 242 4 364 3
666 328 1 636 3
667 152 1 231 1
668 208 2 625 3
669 248 3 660 1
670 699 3 717 1
671 349 3 372 1
672 70 3 681 3
673 13 1 235 3
674 269 3 476 1
675 181 4 238 2
676 532 2 587 3
677 504 4 696 4
678 197 3 255 1
679 14 3 332 4
680 276 3 369 2
681 165 4 344 3
682 39 2 638 1
683 409 1 708 4
684 313 1 622 4
685 309 1 718 2
686 161 2 203 3
687 361 3 436 4
688 573 3 705 1
689 64 4 546 3
690 273 1 556 3
691 100 3 256 2
692 496 1 574 4
693 162 4 265 4
694 565 1 668 4
695 213 4 473 1
696 238 3 311 1
697 346 4 657 1
698 148 1 693 3
699 230 4 540 4
700 483 1 617 4
701 125 2 304 1
702 80 3 244 3
703 75 4 240 2
704 190 4 599 4
705 512 4 562 1
706 324 2 507 2
707 167 4 451 4
708 217 4 423 1
709 60 3 81 4
710 53 1 406 1
711 366 1 428 1
712 289 3 338 1
713 425 2 609 4
714 290 3 435 1
715 57 2 381 1
716 362 2 611 3
717 315 4 669 4
718 160 2 619 1
719 234 3 689 1
720 259 2 354 4
