1000
1000
1 665 4 781 3
2 644 3 942 3
3 284 2 594 1
4 529 3 594 3
5 237 3 304 3
6 230 3 605 2
7 258 2 752 3
8 142 4 761 1
9 233 1 571 1
10 243 4 594 4
11 345 4 439 1
12 155 1 700 1
13 128 3 267 3
14 155 3 644 2
15 679 2 850 1
16 261 1 630 3
17 311 3 373 4
18 55 2 632 2
19 840 1 868 4
20 157 3 446 4
21 198 3 561 2
22 409 2 502 4
23 428 2 822 4
24 671 1 979 2
25 416 3 505 2
26 15 4 115 3
27 231 2 747 2
28 470 1 901 4
29 236 2 874 3
30 491 1 838 4
31 468 2 755 3
32 128 2 839 1
33 470 3 778 4
34 270 3 705 4
35 426 2 716 2
36 74 3 950 2
37 1 4 452 1
38 429 1 570 4
39 273 4 637 1
40 99 1 689 2
41 141 2 201 4
42 887 3 891 4
43 360 4 432 1
44 393 4 876 2
45 684 1 714 1
46 438 3 883 4
47 181 2 722 1
48 47 1 653 4
49 279 3 923 2
50 704 4 839 4
51 638 4 789 1
52 639 3 866 3
53 240 1 436 2
54 67 4 600 4
55 72 3 253 4
56 300 4 377 1
57 267 4 454 4
58 187 3 973 4
59 150 4 715 3
60 366 3 398 4
61 337 3 864 1
62 132 2 836 2
63 146 3 489 2
64 266 3 425 1
65 105 2 499 3
66 137 2 216 4
67 82 2 893 3
68 18 4 605 4
69 677 2 820 3
70 196 3 359 3
71 65 1 813 2
72 251 3 463 3
73 266 1 874 2
74 239 4 489 3
75 440 3 751 4
76 587 2 664 2
77 659 4 809 4
78 163 3 925 2
79 233 4 750 1
80 117 4 537 4
81 10 2 886 3
82 707 1 837 3
83 311 4 317 4
84 76 1 213 4
85 140 2 333 1
86 114 2 883 3
87 478 4 987 3
88 236 3 967 2
89 406 4 977 4
90 153 4 661 4
91 78 1 107 3
92 282 4 661 2
93 634 4 732 2
94 380 1 438 2
95 471 2 697 1
96 413 3 749 2
97 833 2 912 2
98 253 2 714 3
99 51 3 915 4
100 459 3 990 2
101 303 3 583 4
102 77 4 446 1
103 106 4 368 2
104 18 1 395 3
105 436 3 766 2
106 167 4 677 3
107 56 3 400 2
108 693 1 870 3
109 441 2 840 3
110 371 2 673 1
111 84 4 352 4
112 13 2 491 2
113 107 4 988 4
114 690 4 694 4
115 139 4 379 2
116 767 3 834 4
117 85 1 333 3
118 479 3 599 2
119 203 4 244 1
120 603 1 854 1
121 387 4 546 1
122 227 2 560 4
123 514 2 987 2
124 14 4 87 4
125 4 3 101 2
126 111 3 323 1
127 16 4 177 1
128 555 2 889 2
129 243 3 655 4
130 477 1 664 1
131 639 4 827 4
132 101 3 306 2
133 304 2 326 1
134 179 1 637 3
135 112 2 906 3
136 554 2 724 2
137 426 3 885 4
138 413 1 484 2
139 399 1 498 1
140 490 3 499 4
141 686 2 909 4
142 601 1 862 2
143 256 1 504 3
144 232 1 980 4
145 58 4 919 1
146 19 3 619 3
147 452 2 944 4
148 176 4 410 4
149 210 4 404 2
150 22 1 288 1
151 713 3 957 3
152 440 4 906 4
153 213 3 392 4
154 25 4 800 2
155 711 1 882 3
156 570 3 709 1
157 572 2 721 3
158 147 1 164 1
159 466 1 976 3
160 143 4 894 3
161 524 1 850 2
162 1 1 63 2
163 411 1 882 1
164 180 1 239 1
165 614 1 814 2
166 201 1 859 1
167 195 1 414 3
168 298 4 627 2
169 323 4 586 4
170 33 4 222 4
171 126 1 693 2
172 360 1 943 2
173 7 1 856 2
174 87 1 825 1
175 436 1 988 3
176 498 2 905 3
177 486 4 824 2
178 84 3 388 1
179 372 3 525 2
180 246 1 939 1
181 544 1 566 3
182 240 3 565 2
183 78 4 954 4
184 8 4 300 3
185 331 1 767 4
186 280 1 337 1
187 412 3 797 1
188 813 1 974 1
189 211 4 984 3
190 361 2 736 2
191 356 1 606 2
192 9 4 674 2
193 237 2 326 3
194 191 1 249 2
195 265 4 792 1
196 120 3 228 1
197 210 1 682 4
198 634 1 830 4
199 714 4 961 4
200 45 3 764 1
201 533 1 534 2
202 151 3 434 2
203 362 2 506 1
204 417 4 866 2
205 97 3 861 1
206 559 4 858 4
207 796 1 869 4
208 118 1 184 2
209 74 2 675 4
210 554 4 564 1
211 458 3 763 4
212 294 4 396 4
213 90 2 529 2
214 145 4 623 3
215 61 2 296 2
216 561 4 657 4
217 519 4 842 2
218 78 3 421 4
219 290 3 700 2
220 873 4 971 3
221 35 1 495 3
222 646 2 831 4
223 200 1 373 1
224 482 4 918 3
225 50 4 727 4
226 294 1 446 3
227 109 4 383 2
228 63 1 254 3
229 93 4 123 2
230 237 4 550 1
231 207 4 798 4
232 224 1 307 3
233 11 2 373 2
234 334 1 685 2
235 368 1 715 2
236 186 3 740 1
237 668 3 914 3
238 38 4 483 2
239 421 1 648 1
240 513 4 845 4
241 636 3 864 3
242 87 3 841 1
243 31 1 213 2
244 186 1 803 2
245 167 1 546 3
246 70 2 913 3
247 255 4 881 2
248 740 4 882 4
249 493 4 934 2
250 519 2 523 2
251 17 3 166 2
252 23 3 632 1
253 469 4 499 2
254 362 4 568 4
255 193 2 496 4
256 223 3 537 3
257 709 2 722 3
258 83 1 526 1
259 536 2 914 4
260 655 3 848 1
261 29 1 177 4
262 296 1 707 3
263 217 3 927 2
264 730 1 804 1
265 386 1 396 1
266 790 2 881 4
267 678 1 811 1
268 599 4 923 4
269 194 1 450 2
270 607 2 719 1
271 521 1 532 2
272 275 1 342 2
273 370 3 456 1
274 451 4 909 2
275 658 3 835 1
276 703 4 963 1
277 520 4 761 2
278 156 2 766 1
279 107 1 993 4
280 743 4 874 4
281 641 4 984 2
282 652 4 746 4
283 196 1 851 4
284 563 4 815 2
285 459 4 905 1
286 362 3 628 2
287 108 1 911 1
288 462 2 613 4
289 214 3 465 4
290 29 2 296 4
291 12 4 88 2
292 649 1 927 3
293 522 1 932 1
294 325 2 834 2
295 10 4 165 1
296 239 2 526 3
297 149 2 638 1
298 187 2 721 4
299 71 1 584 4
300 49 3 801 2
301 284 3 917 4
302 345 2 460 1
303 370 1 929 3
304 491 3 941 2
305 827 2 862 3
306 904 1 991 2
307 142 2 872 2
308 597 2 605 1
309 325 4 378 3
310 315 4 871 3
311 4 1 385 4
312 504 1 757 3
313 920 4 936 2
314 526 4 635 4
315 95 3 839 3
316 564 4 742 3
317 778 1 971 4
318 32 3 349 3
319 102 4 903 2
320 393 3 752 2
321 396 3 948 3
322 404 3 981 4
323 285 2 972 1
324 340 4 364 2
325 63 4 950 1
326 712 1 890 1
327 250 2 502 2
328 66 1 253 1
329 426 1 992 1
330 238 4 699 2
331 268 4 463 1
332 179 3 443 4
333 150 3 672 2
334 100 2 816 1
335 65 2 648 2
336 218 2 990 1
337 501 2 894 4
338 40 1 791 2
339 526 2 602 4
340 183 1 389 1
341 314 1 619 4
342 323 2 798 2
343 82 3 756 4
344 571 4 947 4
345 269 4 548 4
346 74 4 126 4
347 180 3 862 1
348 90 4 139 1
349 444 3 849 3
350 206 4 338 2
351 410 2 820 2
352 416 1 671 2
353 34 4 552 4
354 740 2 832 2
355 44 3 867 1
356 399 2 401 3
357 414 4 910 1
358 8 2 628 3
359 188 1 984 1
360 532 3 653 3
361 863 1 990 4
362 17 4 645 4
363 299 3 466 4
364 127 1 145 1
365 252 1 613 2
366 545 3 754 1
367 522 2 553 1
368 469 3 593 2
369 828 1 958 2
370 280 4 802 3
371 383 3 455 1
372 245 4 812 2
373 335 1 549 4
374 69 4 685 4
375 72 2 72 4
376 8 3 286 2
377 305 1 347 3
378 898 3 937 3
379 188 3 508 1
380 577 3 657 2
381 702 3 989 4
382 85 2 684 2
383 152 1 418 1
384 308 3 752 1
385 678 2 700 4
386 487 3 980 2
387 197 4 220 4
388 388 2 885 3
389 575 4 942 1
390 289 1 643 4
391 60 3 652 3
392 271 3 728 1
393 716 1 744 1
394 67 1 254 1
395 634 2 651 3
396 630 4 863 3
397 208 4 758 2
398 2 1 130 1
399 221 4 638 3
400 114 1 415 1
401 482 3 776 4
402 516 2 998 4
403 630 1 813 4
404 360 2 787 1
405 296 3 957 4
406 748 2 860 1
407 510 3 542 2
408 381 3 404 4
409 228 2 589 2
410 229 2 250 1
411 806 3 887 4
412 220 3 538 2
413 731 3 1000 4
414 213 1 573 3
415 379 4 930 1
416 165 4 474 2
417 289 2 431 2
418 549 3 774 3
419 142 3 547 2
420 547 4 840 2
421 59 4 407 3
422 722 2 815 3
423 115 4 271 1
424 382 4 650 1
425 421 2 902 4
426 374 3 451 2
427 432 3 681 1
428 123 3 505 1
429 103 2 306 3
430 137 1 823 3
431 370 2 738 4
432 64 2 145 3
433 444 4 552 2
434 822 2 932 2
435 314 2 559 3
436 559 2 691 3
437 169 3 461 2
438 199 4 543 1
439 481 3 911 3
440 550 4 679 3
441 211 3 424 3
442 431 1 750 4
443 465 1 575 3
444 955 2 996 4
445 36 2 555 3
446 268 3 682 3
447 331 3 843 4
448 857 2 916 1
449 40 2 607 1
450 443 1 515 1
451 222 3 510 4
452 153 2 753 1
453 27 3 486 2
454 257 2 277 2
455 118 2 485 4
456 223 2 393 1
457 154 1 218 3
458 274 1 965 4
459 729 1 781 2
460 707 4 928 4
461 81 2 628 1
462 6 4 875 4
463 598 2 717 4
464 154 4 265 2
465 210 3 626 3
466 26 3 207 3
467 356 3 717 1
468 177 2 424 1
469 452 4 883 1
470 706 2 828 3
471 865 1 959 4
472 311 2 653 2
473 817 4 849 2
474 7 3 255 1
475 482 2 822 3
476 204 2 954 1
477 72 1 727 1
478 315 2 906 1
479 54 4 185 4
480 274 2 826 1
481 496 3 884 3
482 345 1 806 4
483 789 2 901 2
484 687 1 961 1
485 263 3 745 2
486 173 1 682 2
487 226 3 579 3
488 534 3 677 4
489 89 2 306 4
490 667 2 990 3
491 800 3 817 2
492 51 2 741 3
493 23 4 422 4
494 1 3 757 1
495 14 2 395 2
496 845 2 935 3
497 343 4 440 2
498 106 3 999 2
499 79 4 389 4
500 610 4 985 3
501 427 1 462 1
502 54 2 873 1
503 244 4 948 1
504 689 4 705 1
505 622 1 852 4
506 516 1 785 2
507 454 1 936 4
508 55 4 808 4
509 262 2 507 3
510 468 3 839 2
511 193 4 666 2
512 63 3 588 4
513 346 1 569 4
514 224 2 699 3
515 83 4 618 1
516 402 2 810 4
517 424 4 837 2
518 48 1 782 2
519 312 2 458 1
520 110 4 732 3
521 455 4 772 3
522 301 2 961 2
523 124 1 591 4
524 858 3 877 4
525 260 2 886 1
526 562 2 697 3
527 290 1 873 3
528 274 4 567 1
529 187 4 403 2
530 786 4 969 2
531 286 1 917 3
532 246 2 781 4
533 125 1 909 1
534 829 2 930 3
535 579 4 650 3
536 97 1 540 2
537 337 4 877 3
538 69 1 527 4
539 272 1 503 3
540 301 1 885 1
541 741 4 819 2
542 516 4 904 2
543 476 4 749 3
544 174 2 687 3
545 353 2 843 3
546 185 1 245 1
547 672 4 912 4
548 194 2 616 4
549 338 1 386 3
550 223 4 245 2
551 394 3 857 3
552 304 1 910 2
553 52 3 760 4
554 226 1 826 2
555 621 4 976 4
556 325 3 410 3
557 258 1 884 2
558 242 1 476 1
559 668 1 998 1
560 128 4 221 1
561 355 1 904 3
562 729 4 836 4
563 545 4 966 3
564 30 3 146 1
565 287 3 579 2
566 306 1 358 2
567 391 1 892 1
568 19 4 25 2
569 24 3 611 1
570 629 1 775 3
571 59 3 327 1
572 51 1 246 4
573 170 2 867 3
574 12 3 547 1
575 40 4 574 3
576 357 3 510 2
577 36 1 830 2
578 617 2 735 2
579 531 2 783 2
580 649 4 802 4
581 362 1 615 3
582 212 1 871 2
583 115 1 580 2
584 32 2 799 4
585 318 3 686 4
586 921 1 969 4
587 539 3 718 3
588 327 2 489 1
589 354 1 401 4
590 113 3 138 1
591 474 4 527 1
592 433 1 811 4
593 334 2 781 1
594 272 2 708 4
595 30 4 548 1
596 357 1 911 4
597 229 4 982 4
598 119 1 721 2
599 555 1 944 1
600 654 3 734 2
601 27 2 734 3
602 288 2 728 2
603 139 2 553 4
604 731 1 816 3
605 236 1 849 1
606 536 4 790 1
607 358 1 792 2
608 531 3 535 2
609 523 4 957 1
610 189 1 339 1
611 244 3 706 3
612 169 1 765 4
613 163 1 584 2
614 314 3 878 4
615 162 3 514 3
616 41 4 79 1
617 182 2 576 2
618 187 1 771 2
619 138 2 959 2
620 405 1 895 4
621 249 3 617 1
622 341 1 505 4
623 382 1 924 2
624 347 4 667 4
625 293 3 704 2
626 140 1 989 3
627 462 3 616 2
628 896 3 954 3
629 233 2 511 1
630 647 2 937 4
631 560 1 641 2
632 413 4 919 4
633 113 1 202 2
634 369 2 549 1
635 582 3 964 2
636 470 2 660 4
637 202 3 744 3
638 627 1 848 4
639 409 4 787 4
640 288 4 658 4
641 488 4 888 1
642 216 3 945 1
643 16 3 534 1
644 380 3 585 2
645 206 1 206 3
646 675 2 975 1
647 418 4 999 4
648 66 4 264 3
649 99 4 363 1
650 122 1 986 4
651 584 1 627 3
652 615 4 833 1
653 463 2 786 2
654 851 1 873 2
655 388 3 926 3
656 479 1 750 3
657 99 2 688 3
658 608 2 635 1
659 365 1 933 4
660 227 3 636 4
661 15 3 285 1
662 158 2 512 3
663 450 3 565 4
664 776 2 965 2
665 697 2 912 3
666 54 1 419 3
667 520 1 711 4
668 257 3 513 2
669 581 4 621 3
670 169 4 993 3
671 247 4 491 4
672 188 2 640 1
673 207 1 580 1
674 22 4 934 3
675 603 2 997 1
676 374 4 723 4
677 622 4 895 3
678 376 2 765 1
679 648 4 657 3
680 20 4 555 4
681 49 4 391 2
682 204 3 654 2
683 266 2 711 2
684 577 4 933 2
685 30 2 176 3
686 22 2 855 3
687 88 1 241 4
688 71 2 826 3
689 47 3 389 3
690 765 2 977 3
691 88 3 215 2
692 661 1 734 4
693 770 2 786 3
694 646 1 993 2
695 514 4 949 2
696 403 4 597 4
697 156 4 466 3
698 320 2 848 2
699 259 1 927 4
700 8 1 537 1
701 155 2 628 4
702 376 3 604 2
703 378 4 810 2
704 11 4 880 2
705 741 1 947 1
706 489 4 832 1
707 293 1 986 2
708 117 3 756 3
709 589 4 702 4
710 437 1 773 3
711 665 2 814 4
712 743 2 947 3
713 349 4 464 4
714 343 3 930 4
715 576 1 711 3
716 542 3 727 3
717 204 4 951 1
718 147 3 723 3
719 586 3 866 4
720 65 4 948 4
721 96 1 960 1
722 508 4 831 3
723 544 3 655 2
724 98 2 833 4
725 844 2 964 1
726 384 3 525 3
727 161 4 572 4
728 161 1 567 3
729 258 3 292 2
730 562 3 610 3
731 523 3 820 1
732 291 2 966 2
733 254 2 794 2
734 506 3 618 4
735 426 4 670 4
736 26 4 46 3
737 422 2 875 3
738 241 2 310 4
739 202 4 264 4
740 4 2 823 1
741 123 1 453 3
742 183 2 425 3
743 342 1 770 4
744 197 1 645 2
745 401 1 702 2
746 805 2 836 1
747 156 3 774 4
748 103 1 720 1
749 466 2 925 1
750 98 4 633 1
751 208 2 439 4
752 402 4 658 2
753 135 2 378 2
754 79 3 854 2
755 398 3 499 1
756 132 1 615 1
757 502 1 596 2
758 158 4 400 3
759 312 3 762 2
760 884 1 937 2
761 481 2 640 4
762 142 1 623 1
763 756 1 853 2
764 22 3 810 3
765 122 2 330 3
766 358 4 783 4
767 409 3 525 4
768 20 2 981 2
769 415 3 639 2
770 480 2 960 4
771 304 4 951 2
772 476 3 763 3
773 595 1 806 1
774 278 4 507 4
775 570 1 916 3
776 550 2 803 3
777 867 2 935 4
778 846 4 955 4
779 549 2 1000 3
780 6 3 828 4
781 6 2 220 1
782 79 2 859 4
783 123 4 885 2
784 57 3 276 1
785 676 3 928 1
786 310 3 963 4
787 385 2 398 1
788 512 1 871 1
789 132 4 291 3
790 297 1 712 4
791 20 1 48 3
792 390 3 907 2
793 352 1 457 4
794 164 4 550 3
795 513 3 925 4
796 193 1 276 2
797 117 1 625 4
798 920 2 921 2
799 705 2 931 3
800 408 3 963 3
801 85 4 734 1
802 70 3 601 3
803 214 1 257 1
804 200 3 639 1
805 387 3 766 4
806 600 3 784 4
807 435 3 573 1
808 676 1 709 3
809 497 2 729 3
810 2 3 882 2
811 626 1 890 4
812 292 3 598 1
813 381 4 998 2
814 827 3 892 2
815 166 4 348 4
816 230 2 596 1
817 57 4 168 2
818 59 1 634 3
819 291 1 883 2
820 378 1 983 1
821 597 3 779 3
822 893 2 946 4
823 279 4 558 2
824 172 4 294 3
825 33 1 758 3
826 56 1 754 3
827 131 3 194 3
828 38 1 879 2
829 245 3 740 3
830 415 2 632 4
831 191 2 380 4
832 283 3 841 2
833 116 1 572 1
834 336 2 580 3
835 5 3 995 1
836 182 4 339 2
837 475 1 938 4
838 53 4 313 1
839 577 1 748 4
840 583 2 690 2
841 718 2 974 2
842 9 3 739 3
843 348 2 707 2
844 320 3 830 3
845 439 2 968 1
846 69 2 664 3
847 80 2 275 4
848 350 4 399 4
849 467 2 598 4
850 317 2 844 3
851 340 3 778 3
852 265 3 803 1
853 264 2 977 2
854 145 2 529 4
855 641 1 991 4
856 151 1 399 3
857 127 2 503 2
858 299 2 515 2
859 902 3 960 2
860 733 3 771 4
861 17 2 981 1
862 602 2 891 3
863 35 4 629 4
864 131 1 268 1
865 9 1 794 3
866 157 2 551 4
867 442 2 569 3
868 402 3 931 1
869 643 3 673 4
870 919 3 920 3
871 341 4 355 2
872 264 1 994 1
873 319 3 670 2
874 241 3 459 2
875 568 3 860 4
876 259 3 260 3
877 518 4 537 2
878 769 3 979 3
879 495 2 952 2
880 394 1 434 4
881 417 1 539 4
882 650 4 854 4
883 342 3 860 3
884 661 3 717 2
885 321 1 608 1
886 875 1 926 4
887 208 1 858 1
888 642 1 759 3
889 303 1 789 3
890 420 2 807 1
891 158 1 328 3
892 248 4 656 2
893 263 1 795 2
894 43 2 113 2
895 458 4 908 4
896 591 2 658 1
897 153 3 352 2
898 553 3 641 3
899 343 2 987 4
900 55 1 355 3
901 48 4 329 2
902 68 4 371 3
903 71 3 351 3
904 41 1 507 2
905 130 3 681 3
906 205 2 419 1
907 87 2 250 4
908 96 4 903 1
909 130 4 591 3
910 371 4 427 4
911 173 3 981 3
912 252 4 604 3
913 160 3 366 4
914 208 3 274 3
915 759 2 940 1
916 417 2 621 1
917 3 1 319 2
918 57 1 746 1
919 229 3 461 4
920 595 3 640 2
921 161 2 620 4
922 4 4 122 3
923 269 2 363 3
924 469 2 569 1
925 590 1 637 2
926 350 3 872 4
927 372 1 694 1
928 279 1 352 3
929 234 3 581 2
930 305 4 317 3
931 146 2 662 3
932 2 2 28 3
933 219 2 461 3
934 164 3 777 2
935 150 1 442 3
936 269 1 633 4
937 18 3 791 3
938 394 4 841 3
939 593 3 972 2
940 517 2 552 3
941 139 3 952 4
942 233 3 418 2
943 184 1 858 2
944 625 3 698 4
945 108 3 737 4
946 177 3 719 3
947 411 4 924 3
948 420 1 726 4
949 335 3 651 1
950 543 4 870 1
951 215 1 450 1
952 612 2 643 2
953 561 3 743 1
954 349 1 871 4
955 367 3 889 3
956 96 3 808 3
957 34 2 183 4
958 13 3 931 2
959 482 1 692 3
960 132 3 956 1
961 238 2 798 1
962 831 2 847 2
963 174 1 472 1
964 185 3 775 4
965 80 3 966 4
966 477 4 995 2
967 28 1 592 3
968 134 4 348 1
969 373 3 384 1
970 214 2 342 4
971 322 1 921 4
972 390 1 725 3
973 289 3 793 4
974 14 1 785 4
975 221 3 685 1
976 37 2 353 3
977 91 4 666 1
978 504 4 736 1
979 216 2 263 2
980 192 2 271 4
981 88 4 135 3
982 534 4 997 3
983 281 4 908 1
984 332 1 679 4
985 30 1 979 4
986 460 2 568 2
987 156 1 324 1
988 194 4 880 1
989 118 4 914 1
990 365 3 465 3
991 443 3 786 1
992 102 3 813 3
993 464 3 635 3
994 493 1 558 1
995 346 3 859 3
996 222 1 708 3
997 299 1 991 3
998 149 1 401 2
999 429 4 797 3
1000 10 3 872 1
