500
1000
1 165 4 281 3
2 144 3 442 3
3 94 1 284 2
4 29 3 94 3
5 237 3 304 3
6 105 2 230 3
7 252 3 258 2
8 142 4 261 1
9 71 1 233 1
10 94 4 243 4
11 345 4 439 1
12 155 1 200 1
13 128 3 267 3
14 144 2 155 3
15 179 2 350 1
16 311 3 373 4
17 55 2 132 2
18 340 1 368 4
19 157 3 446 4
20 61 2 198 3
21 2 4 409 2
22 322 4 428 2
23 171 1 479 2
24 5 2 416 3
25 15 4 115 3
26 231 2 247 2
27 401 4 470 1
28 236 2 374 3
29 338 4 491 1
30 255 3 468 2
31 128 2 339 1
32 278 4 470 3
33 205 4 270 3
34 216 2 426 2
35 74 3 450 2
36 1 4 452 1
37 70 4 429 1
38 137 1 273 4
39 99 1 189 2
40 141 2 201 4
41 387 3 391 4
42 360 4 432 1
43 376 2 393 4
44 184 1 214 1
45 383 4 438 3
46 181 2 222 1
47 47 1 153 4
48 279 3 423 2
49 204 4 339 4
50 138 4 289 1
51 139 3 366 3
52 240 1 436 2
53 67 4 100 4
54 72 3 253 4
55 300 4 377 1
56 267 4 454 4
57 187 3 473 4
58 150 4 215 3
59 337 3 364 1
60 146 3 489 2
61 266 3 425 1
62 137 2 216 4
63 82 2 393 3
64 18 4 105 4
65 177 2 320 3
66 196 3 359 3
67 65 1 313 2
68 251 3 463 3
69 266 1 374 2
70 239 4 489 3
71 251 4 440 3
72 87 2 164 2
73 159 4 309 4
74 163 3 425 2
75 233 4 250 1
76 37 4 117 4
77 10 2 386 3
78 311 4 317 4
79 76 1 213 4
80 140 2 333 1
81 114 2 383 3
82 478 4 487 3
83 236 3 467 2
84 406 4 477 4
85 78 1 107 3
86 161 2 282 4
87 134 4 232 2
88 380 1 438 2
89 197 1 471 2
90 249 2 413 3
91 333 2 412 2
92 214 3 253 2
93 51 3 415 4
94 459 3 490 2
95 83 4 303 3
96 77 4 446 1
97 106 4 368 2
98 18 1 395 3
99 266 2 436 3
100 167 4 177 3
101 56 3 400 2
102 193 1 370 3
103 340 3 441 2
104 173 1 371 2
105 84 4 352 4
106 13 2 491 2
107 107 4 488 4
108 190 4 194 4
109 139 4 379 2
110 85 1 333 3
111 99 2 479 3
112 203 4 244 1
113 103 1 354 1
114 46 1 387 4
115 60 4 227 2
116 14 2 487 2
117 14 4 87 4
118 4 3 101 2
119 111 3 323 1
120 16 4 177 1
121 155 4 243 3
122 164 1 477 1
123 101 3 306 2
124 304 2 326 1
125 137 3 179 1
126 112 2 406 3
127 54 2 224 2
128 385 4 426 3
129 413 1 484 2
130 399 1 498 1
131 490 3 499 4
132 186 2 409 4
133 101 1 362 2
134 232 1 480 4
135 58 4 419 1
136 19 3 119 3
137 444 4 452 2
138 176 4 410 4
139 210 4 404 2
140 22 1 288 1
141 213 3 457 3
142 25 4 300 2
143 211 1 382 3
144 70 3 209 1
145 72 2 221 3
146 466 1 476 3
147 143 4 394 3
148 24 1 350 2
149 1 1 63 2
150 382 1 411 1
151 180 1 239 1
152 114 1 314 2
153 201 1 359 1
154 195 1 414 3
155 127 2 298 4
156 86 4 323 4
157 33 4 222 4
158 126 1 193 2
159 360 1 443 2
160 7 1 356 2
161 87 1 325 1
162 436 1 488 3
163 405 3 498 2
164 324 2 486 4
165 84 3 388 1
166 25 2 372 3
167 44 1 66 3
168 65 2 240 3
169 8 4 300 3
170 280 1 337 1
171 297 1 412 3
172 313 1 474 1
173 211 4 484 3
174 106 2 356 1
175 9 4 174 2
176 237 2 326 3
177 265 4 292 1
178 120 3 228 1
179 182 4 210 1
180 134 1 330 4
181 214 4 461 4
182 45 3 264 1
183 33 1 34 2
184 151 3 434 2
185 366 2 417 4
186 97 3 361 1
187 59 4 358 4
188 296 1 369 4
189 118 1 184 2
190 74 2 175 4
191 54 4 64 1
192 263 4 458 3
193 294 4 396 4
194 29 2 90 2
195 123 3 145 4
196 61 4 157 4
197 19 4 342 2
198 78 3 421 4
199 200 2 290 3
200 35 1 495 3
201 146 2 331 4
202 418 3 482 4
203 50 4 227 4
204 294 1 446 3
205 109 4 383 2
206 63 1 254 3
207 93 4 123 2
208 50 1 237 4
209 224 1 307 3
210 11 2 373 2
211 185 2 334 1
212 215 2 368 1
213 38 4 483 2
214 148 1 421 1
215 136 3 364 3
216 87 3 341 1
217 31 1 213 2
218 186 1 303 2
219 46 3 167 1
220 255 4 381 2
221 240 4 382 4
222 19 2 23 2
223 17 3 166 2
224 23 3 132 1
225 469 4 499 2
226 68 4 362 4
227 37 3 223 3
228 209 2 222 3
229 26 1 83 1
230 36 2 414 4
231 29 1 177 4
232 217 3 427 2
233 230 1 304 1
234 386 1 396 1
235 290 2 381 4
236 178 1 311 1
237 99 4 423 4
238 107 2 219 1
239 21 1 32 2
240 158 3 335 1
241 20 4 261 2
242 107 1 493 4
243 152 4 246 4
244 196 1 351 4
245 63 4 315 2
246 405 1 459 4
247 113 4 462 2
248 70 2 310 3
249 12 4 88 2
250 149 1 427 3
251 325 2 334 2
252 10 4 165 1
253 26 3 239 2
254 138 1 149 2
255 187 2 221 4
256 49 3 301 2
257 345 2 460 1
258 370 1 429 3
259 327 2 362 3
260 142 2 372 2
261 97 2 105 1
262 325 4 378 3
263 315 4 371 3
264 4 1 257 3
265 26 4 135 4
266 95 3 339 3
267 64 4 242 3
268 278 1 471 4
269 32 3 349 3
270 102 4 403 2
271 396 3 448 3
272 404 3 481 4
273 285 2 472 1
274 340 4 364 2
275 212 1 390 1
276 2 2 250 2
277 66 1 253 1
278 426 1 492 1
279 199 2 238 4
280 268 4 463 1
281 179 3 443 4
282 150 3 172 2
283 100 2 316 1
284 13 4 265 1
285 218 2 490 1
286 1 2 394 4
287 40 1 291 2
288 183 1 389 1
289 119 4 314 1
290 298 2 323 2
291 82 3 256 4
292 71 4 447 4
293 48 4 269 4
294 74 4 126 4
295 180 3 362 1
296 90 4 139 1
297 206 4 338 2
298 320 2 410 2
299 171 2 416 1
300 34 4 52 4
301 240 2 332 2
302 44 3 367 1
303 399 2 401 3
304 188 1 484 1
305 363 1 490 4
306 299 3 466 4
307 127 1 145 1
308 113 2 252 1
309 22 2 53 1
310 93 2 469 3
311 328 1 458 2
312 280 4 302 3
313 245 4 312 2
314 69 4 185 4
315 8 3 286 2
316 305 1 347 3
317 398 3 437 3
318 8 1 188 3
319 77 3 157 2
320 202 3 489 4
321 152 1 418 1
322 178 2 200 4
323 197 4 220 4
324 385 3 388 2
325 75 4 442 1
326 60 3 152 3
327 67 1 254 1
328 130 4 363 3
329 2 1 130 1
330 276 4 482 3
331 16 2 498 4
332 287 1 360 2
333 296 3 457 4
334 10 3 42 2
335 381 3 404 4
336 89 2 228 2
337 38 2 220 3
338 231 3 500 4
339 73 3 213 1
340 379 4 430 1
341 289 2 431 2
342 47 2 142 3
343 47 4 340 2
344 222 2 315 3
345 115 4 271 1
346 402 4 421 2
347 181 1 432 3
348 103 2 306 3
349 64 2 145 3
350 322 2 432 2
351 59 2 191 3
352 169 3 461 2
353 43 1 199 4
354 411 3 481 3
355 211 3 424 3
356 250 4 431 1
357 75 3 465 1
358 455 2 496 4
359 182 3 268 3
360 25 1 246 1
361 331 3 343 4
362 15 1 443 1
363 27 3 486 2
364 257 2 277 2
365 118 2 485 4
366 223 2 393 1
367 154 1 218 3
368 274 1 465 4
369 229 1 281 2
370 331 1 473 3
371 207 4 428 4
372 81 2 128 1
373 6 4 375 4
374 98 2 217 4
375 154 4 265 2
376 126 3 210 3
377 217 1 356 3
378 383 1 452 4
379 206 2 328 3
380 153 2 311 2
381 7 3 255 1
382 322 3 482 2
383 204 2 454 1
384 72 1 227 1
385 384 3 496 3
386 306 4 345 1
387 187 1 461 1
388 245 2 263 3
389 79 3 226 3
390 51 2 241 3
391 23 4 422 4
392 1 3 257 1
393 79 4 389 4
394 110 4 485 3
395 427 1 462 1
396 72 4 207 3
397 244 4 448 1
398 189 4 205 1
399 55 4 308 4
400 339 2 468 3
401 63 3 88 4
402 310 4 402 2
403 337 2 424 4
404 48 1 282 2
405 272 3 455 4
406 91 4 124 1
407 358 3 377 4
408 62 2 197 3
409 290 1 373 3
410 286 4 469 2
411 286 1 417 3
412 191 1 306 1
413 246 2 281 4
414 125 1 409 1
415 329 2 430 3
416 40 2 97 1
417 284 1 373 1
418 337 4 377 3
419 27 4 69 1
420 3 3 272 1
421 301 1 385 1
422 241 4 319 2
423 249 3 476 4
424 343 3 353 2
425 185 1 245 1
426 172 4 412 4
427 116 4 194 2
428 52 3 260 4
429 226 1 326 2
430 325 3 410 3
431 258 1 384 2
432 242 1 476 1
433 128 4 221 1
434 229 4 336 4
435 45 4 466 3
436 30 3 146 1
437 79 2 287 3
438 391 1 392 1
439 24 3 111 1
440 129 1 275 3
441 59 3 327 1
442 170 2 367 3
443 36 1 330 2
444 117 2 235 2
445 31 2 283 2
446 149 4 302 4
447 80 2 115 1
448 186 4 318 3
449 52 2 252 2
450 27 1 474 4
451 208 4 272 2
452 357 1 411 4
453 119 1 221 2
454 55 1 444 1
455 154 3 234 2
456 27 2 234 3
457 194 1 492 2
458 53 4 139 2
459 231 1 316 3
460 236 1 349 1
461 292 2 358 1
462 31 3 35 2
463 206 3 244 3
464 84 2 163 1
465 314 3 378 4
466 14 3 162 3
467 41 4 79 1
468 76 2 182 2
469 138 2 459 2
470 116 2 462 3
471 11 1 233 2
472 147 2 437 4
473 413 4 419 4
474 113 1 202 2
475 49 1 369 2
476 122 1 397 2
477 160 4 470 2
478 158 4 288 4
479 216 3 445 1
480 16 3 34 1
481 85 2 380 3
482 175 2 475 1
483 66 4 264 3
484 84 1 127 3
485 250 3 479 1
486 108 2 135 1
487 365 1 433 4
488 136 4 227 3
489 15 3 285 1
490 12 3 158 2
491 65 4 450 3
492 276 2 465 2
493 219 2 440 4
494 54 1 419 3
495 81 4 121 3
496 169 4 493 3
497 185 3 334 4
498 247 4 491 4
499 140 1 188 2
500 80 1 207 1
501 22 4 434 3
502 223 4 374 4
503 62 4 415 1
504 49 4 391 2
505 154 2 204 3
506 156 2 156 3
507 30 2 176 3
508 327 4 464 3
509 47 3 389 3
510 161 1 234 4
511 270 2 286 3
512 97 4 403 4
513 96 2 287 4
514 259 1 427 4
515 104 2 376 3
516 11 4 380 2
517 241 1 447 1
518 130 3 252 4
519 274 4 291 4
520 117 3 256 3
521 89 4 202 4
522 273 3 437 1
523 165 2 314 4
524 243 2 447 3
525 349 4 464 4
526 28 1 357 3
527 36 3 455 1
528 86 3 366 4
529 344 2 464 1
530 419 2 497 1
531 62 3 110 3
532 44 2 122 4
533 254 2 294 2
534 6 3 118 4
535 170 4 426 4
536 375 3 422 2
537 206 1 355 4
538 123 1 453 3
539 183 2 425 3
540 270 4 342 1
541 305 2 336 1
542 98 4 133 1
543 208 2 439 4
544 135 2 378 2
545 262 2 312 3
546 384 1 437 2
547 140 4 481 2
548 122 2 330 3
549 460 4 480 2
550 304 4 451 2
551 345 3 406 1
552 367 2 435 4
553 49 2 500 3
554 186 3 421 3
555 6 2 220 1
556 123 4 385 2
557 57 3 276 1
558 12 1 371 1
559 285 3 288 2
560 132 4 291 3
561 20 1 48 3
562 390 3 407 2
563 50 3 164 4
564 13 3 425 4
565 117 1 125 4
566 205 2 431 3
567 85 4 234 1
568 100 3 284 4
569 73 1 435 3
570 176 1 209 3
571 229 3 497 2
572 2 3 382 2
573 98 1 292 3
574 327 3 392 2
575 166 4 348 4
576 96 1 230 2
577 57 4 168 2
578 59 1 134 3
579 378 1 483 1
580 58 2 279 4
581 131 3 194 3
582 193 4 399 4
583 191 2 380 4
584 283 3 341 2
585 80 3 336 2
586 5 3 495 1
587 318 1 395 2
588 77 1 248 4
589 83 2 190 2
590 9 3 239 3
591 207 2 348 2
592 439 2 468 1
593 69 2 164 3
594 317 2 344 3
595 256 1 299 4
596 265 3 303 1
597 264 2 477 2
598 29 4 145 2
599 151 1 399 3
600 15 2 299 2
601 402 3 460 2
602 233 3 271 4
603 17 2 481 1
604 102 2 391 3
605 35 4 129 4
606 131 1 268 1
607 9 1 294 3
608 69 3 442 2
609 198 2 258 3
610 53 2 284 3
611 76 4 241 2
612 143 3 173 4
613 341 4 355 2
614 259 3 260 3
615 394 1 434 4
616 39 4 417 1
617 342 3 360 3
618 161 3 217 2
619 108 1 321 1
620 307 1 420 2
621 263 1 295 2
622 408 4 458 4
623 156 4 358 2
624 91 2 158 1
625 153 3 352 2
626 53 3 141 3
627 343 2 487 4
628 7 4 220 2
629 71 3 351 3
630 57 1 248 2
631 7 2 41 1
632 96 4 403 1
633 4 2 251 1
634 208 3 274 3
635 259 2 440 1
636 121 1 417 2
637 249 4 471 3
638 4 4 122 3
639 350 3 372 4
640 279 1 352 3
641 305 4 317 3
642 133 4 269 1
643 93 3 472 2
644 168 3 408 3
645 125 3 198 4
646 226 4 420 1
647 18 3 418 2
648 215 1 450 1
649 292 4 464 2
650 61 3 243 1
651 96 3 308 3
652 3 2 50 2
653 192 3 482 1
654 132 3 456 1
655 17 4 267 1
656 238 2 298 1
657 331 2 347 2
658 140 3 474 2
659 214 2 342 4
660 56 1 80 4
661 81 3 348 1
662 289 3 293 4
663 14 1 285 4
664 37 2 353 3
665 141 4 171 3
666 179 4 332 1
667 30 1 479 4
668 104 1 408 1
669 156 1 324 1
670 365 3 465 3
671 102 3 313 3
672 58 1 493 1
673 299 1 491 3
674 297 3 429 4
675 43 2 324 4
676 201 3 460 3
677 330 1 361 2
678 11 3 28 3
679 281 1 335 3
680 20 2 432 4
681 62 1 121 4
682 276 3 477 3
683 296 4 388 3
684 416 2 429 2
685 41 2 295 4
686 31 4 293 3
687 184 4 420 3
688 166 3 326 4
689 111 2 403 3
690 91 3 248 3
691 119 2 256 2
692 88 3 301 3
693 71 2 448 2
694 68 1 232 4
695 134 2 420 4
696 18 2 475 3
697 361 4 451 1
698 35 3 323 3
699 379 3 423 3
700 21 2 89 1
701 386 4 463 2
702 293 1 312 4
703 92 2 449 4
704 144 4 235 3
705 244 2 338 1
706 181 4 215 4
707 147 3 262 1
708 34 3 494 3
709 33 3 398 1
710 101 4 172 1
711 160 2 410 1
712 347 1 495 2
713 93 1 424 2
714 312 1 443 3
715 297 4 309 1
716 271 2 430 4
717 16 1 108 4
718 121 2 302 2
719 197 2 303 4
720 58 3 475 4
721 274 2 486 3
722 175 3 433 2
723 332 3 435 2
724 5 4 173 2
725 120 1 199 1
726 137 4 290 4
727 238 3 368 3
728 124 3 224 3
729 171 4 201 2
730 39 1 445 4
731 88 1 405 2
732 198 1 404 1
733 42 1 275 1
734 187 4 441 1
735 33 2 148 2
736 324 3 400 1
737 17 1 400 3
738 162 2 300 1
739 25 3 352 1
740 109 3 246 3
741 30 4 413 2
742 116 1 355 1
743 114 3 205 3
744 348 3 475 2
745 76 3 94 2
746 142 1 435 1
747 255 2 357 2
748 212 4 407 1
749 438 4 467 4
750 113 3 366 1
751 168 4 282 3
752 78 2 389 2
753 338 3 351 2
754 253 3 277 4
755 396 2 454 3
756 313 4 446 2
757 203 1 492 4
758 157 1 283 4
759 51 1 195 2
760 67 2 124 4
761 67 3 310 1
762 43 3 280 2
763 127 4 212 3
764 74 1 155 2
765 81 1 318 2
766 165 3 297 2
767 190 1 308 2
768 75 1 90 1
769 388 4 472 4
770 162 1 480 3
771 133 2 302 1
772 95 2 398 2
773 237 1 363 2
774 175 1 305 3
775 56 4 100 1
776 73 4 180 2
777 390 4 422 3
778 102 1 406 2
779 183 4 346 4
780 247 1 261 3
781 78 4 455 3
782 349 2 407 4
783 92 1 99 3
784 307 4 415 3
785 52 1 370 2
786 159 3 283 1
787 143 2 376 1
788 444 3 461 3
789 10 1 488 2
790 189 1 363 4
791 168 1 494 4
792 189 3 445 2
793 95 4 149 3
794 230 4 414 1
795 180 4 262 3
796 28 4 450 4
797 199 3 356 4
798 85 3 405 4
799 77 2 471 1
800 111 4 153 1
801 152 2 268 2
802 44 4 357 4
803 259 4 433 3
804 124 2 458 1
805 212 2 474 3
806 162 4 308 1
807 41 3 46 2
808 131 2 267 2
809 260 1 439 3
810 161 4 492 3
811 22 3 428 1
812 401 2 423 1
813 150 1 257 4
814 195 3 386 2
815 166 1 235 4
816 226 2 278 3
817 394 2 414 2
818 428 3 451 3
819 293 2 392 4
820 381 1 442 4
821 173 3 328 4
822 90 3 114 4
823 110 1 370 4
824 353 1 371 4
825 143 1 148 3
826 174 4 307 2
827 131 4 415 2
828 92 4 456 4
829 277 1 320 1
830 273 2 359 4
831 98 3 228 4
832 260 2 487 1
833 147 4 316 2
834 236 4 379 1
835 204 1 397 1
836 364 4 496 1
837 103 4 148 4
838 60 2 242 2
839 82 1 86 1
840 229 2 453 4
841 181 3 387 1
842 54 3 448 4
843 125 2 333 4
844 32 4 310 2
845 224 4 309 3
846 447 2 470 4
847 65 3 321 3
848 103 3 354 2
849 40 3 494 2
850 319 3 329 1
851 160 3 196 2
852 316 4 375 2
853 86 2 116 3
854 328 2 375 1
855 115 2 218 4
856 39 3 376 4
857 384 4 485 2
858 92 3 159 1
859 151 4 393 2
860 273 1 329 4
861 147 1 398 4
862 32 1 499 1
863 174 1 438 1
864 296 2 496 2
865 280 3 478 1
866 247 3 277 3
867 203 3 408 2
868 112 1 409 3
869 73 2 453 2
870 196 4 441 3
871 106 3 497 3
872 270 1 329 3
873 108 3 459 1
874 91 1 219 4
875 120 4 151 2
876 57 2 264 4
877 68 3 160 1
878 182 1 392 3
879 19 1 466 2
880 118 3 254 4
881 141 1 209 4
882 126 2 269 3
883 440 2 497 4
884 263 2 444 2
885 104 4 174 3
886 9 2 318 4
887 354 4 436 4
888 169 1 287 2
889 159 2 430 2
890 210 2 365 2
891 21 3 42 3
892 105 3 369 1
893 6 1 45 2
894 397 3 424 1
895 129 3 225 4
896 20 3 298 3
897 112 4 272 4
898 38 1 322 1
899 28 2 176 2
900 38 3 95 1
901 200 3 483 3
902 223 1 321 4
903 449 1 478 3
904 109 1 295 3
905 55 3 402 1
906 60 1 500 2
907 216 1 346 2
908 110 2 350 4
909 42 4 451 4
910 130 2 500 1
911 3 4 170 3
912 365 4 468 4
913 355 3 431 4
914 36 4 319 4
915 183 3 495 4
916 68 2 449 2
917 191 4 457 2
918 3 1 82 4
919 346 1 353 4
920 70 1 275 2
921 203 2 279 2
922 48 2 457 1
923 120 2 467 1
924 269 2 295 1
925 8 2 472 3
926 5 1 387 2
927 178 3 335 4
928 56 2 454 2
929 133 3 282 1
930 320 4 344 1
931 231 4 445 3
932 192 1 499 3
933 412 1 473 2
934 319 1 486 1
935 64 3 395 1
936 248 1 462 4
937 24 2 411 2
938 301 4 334 3
939 13 1 66 2
940 251 2 456 3
941 238 1 478 2
942 75 2 361 3
943 483 4 494 1
944 456 2 469 1
945 83 3 190 3
946 473 1 476 2
947 219 3 335 2
948 135 3 288 3
949 344 4 372 1
950 332 4 433 1
951 136 1 271 3
952 266 4 395 4
953 178 4 315 1
954 43 4 242 4
955 401 1 467 3
956 188 4 341 3
957 89 3 498 3
958 136 2 218 1
959 150 2 400 4
960 23 1 170 1
961 167 2 407 3
962 112 3 167 3
963 232 3 261 4
964 278 2 351 1
965 249 1 452 3
966 245 3 346 3
967 26 2 51 4
968 104 3 289 4
969 138 3 146 4
970 192 2 449 3
971 291 1 463 4
972 37 1 336 3
973 225 1 225 2
974 192 4 493 2
975 211 2 390 2
976 418 4 441 4
977 369 3 485 1
978 258 4 347 4
979 225 3 416 4
980 275 4 321 2
981 46 4 195 4
982 40 4 228 3
983 61 1 169 2
984 184 3 397 4
985 163 4 202 1
986 434 1 484 4
987 12 2 235 1
988 163 2 374 1
989 45 1 309 2
990 172 3 208 1
991 129 2 359 2
992 262 4 489 1
993 21 4 354 3
994 39 2 109 2
995 317 1 377 2
996 106 1 193 3
997 144 1 480 1
998 24 4 422 1
999 343 1 367 4
1000 453 1 488 1
