900
720
1 181 3 565 4
2 142 3 644 3
3 184 2 594 1
4 194 3 529 3
5 4 3 637 3
6 230 3 705 2
7 752 3 858 2
8 42 4 161 1
9 733 1 771 1
10 243 4 294 4
11 239 1 645 4
12 100 1 755 1
13 367 3 828 3
14 344 2 355 3
15 50 1 379 2
16 629 3 732 1
17 611 3 873 4
18 132 2 855 2
19 240 1 768 4
20 257 3 646 4
21 361 2 498 3
22 2 4 309 2
23 328 2 522 4
24 179 2 571 1
25 205 2 816 3
26 15 3 315 4
27 31 2 747 2
28 170 1 201 4
29 336 2 374 3
30 38 4 791 1
31 268 2 855 3
32 739 1 828 2
33 870 3 878 4
34 5 4 570 3
35 316 2 526 2
36 50 2 674 3
37 52 1 601 4
38 29 1 770 4
39 573 4 737 1
40 489 2 599 1
41 41 2 701 4
42 291 4 787 3
43 776 2 893 4
44 584 1 814 1
45 538 3 783 4
46 181 2 622 1
47 253 4 847 1
48 379 3 823 2
49 4 4 639 4
50 238 4 689 1
51 466 3 839 3
52 200 4 867 4
53 172 3 353 4
54 477 1 900 4
55 154 4 767 4
56 115 3 450 4
57 666 3 698 4
58 337 3 364 1
59 589 2 746 3
60 66 3 225 1
61 16 4 537 2
62 482 2 493 3
63 120 3 264 1
64 18 4 605 4
65 320 3 777 2
66 159 3 796 3
67 313 2 565 1
68 451 3 663 3
69 566 1 774 2
70 539 4 689 3
71 151 4 840 3
72 487 2 664 2
73 59 4 509 4
74 125 2 863 3
75 537 4 617 4
76 210 2 586 3
77 117 4 511 4
78 437 2 655 2
79 176 1 813 4
80 333 1 740 2
81 14 2 783 3
82 236 3 767 2
83 214 2 387 3
84 706 4 877 4
85 553 4 661 4
86 274 3 412 2
87 107 3 678 1
88 182 4 461 2
89 432 2 834 4
90 180 1 338 2
91 297 1 571 2
92 113 3 849 2
93 733 2 812 2
94 714 3 853 2
95 515 4 651 3
96 523 4 729 3
97 190 2 759 3
98 383 4 403 3
99 6 4 168 2
100 442 1 530 3
101 95 3 418 1
102 336 3 666 2
103 456 3 600 2
104 270 3 893 1
105 540 3 841 2
106 171 2 373 1
107 752 4 884 4
108 113 2 291 2
109 499 3 636 2
110 688 4 807 4
111 290 4 494 4
112 739 4 879 2
113 533 3 585 1
114 163 4 738 3
115 499 2 679 3
116 503 4 744 1
117 154 1 203 1
118 87 4 146 1
119 260 4 627 2
120 431 1 774 3
121 414 2 787 2
122 414 4 687 4
123 701 2 704 3
124 255 2 689 2
125 55 4 543 3
126 864 1 877 1
127 139 4 427 4
128 206 2 701 3
129 304 2 426 1
130 579 1 737 3
131 506 3 612 2
132 554 2 724 2
133 126 3 385 4
134 13 1 84 2
135 498 1 799 1
136 390 3 699 4
137 9 4 86 2
138 101 1 362 2
139 25 3 789 2
140 356 1 404 3
141 380 4 632 1
142 158 4 319 1
143 119 3 519 3
144 44 4 152 2
145 210 4 676 4
146 410 4 504 2
147 22 1 388 1
148 157 3 513 3
149 240 4 406 4
150 92 4 313 3
151 525 4 800 2
152 482 3 611 1
153 370 3 809 1
154 72 2 621 3
155 76 3 466 1
156 394 3 643 4
157 301 1 563 2
158 511 1 782 1
159 80 1 339 1
160 114 2 514 1
161 295 1 814 3
162 227 2 298 4
163 386 4 823 4
164 533 4 722 4
165 126 1 393 2
166 443 2 860 1
167 307 1 656 2
168 187 1 425 1
169 488 3 836 1
170 24 2 788 4
171 498 2 805 3
172 186 4 624 2
173 88 1 884 3
174 25 2 772 3
175 166 3 444 1
176 165 2 340 3
177 95 4 687 3
178 8 4 800 3
179 411 1 655 4
180 597 1 712 3
181 115 1 620 3
182 313 1 574 1
183 84 3 811 4
184 661 2 836 2
185 806 2 856 1
186 137 2 726 3
187 249 2 291 1
188 132 1 804 2
189 492 1 765 4
190 520 3 828 1
191 410 1 582 4
192 30 4 634 1
193 445 3 664 1
194 134 2 833 1
195 234 2 851 3
196 506 1 762 2
197 266 2 317 4
198 61 1 697 3
199 358 4 859 4
200 96 1 869 4
201 174 2 775 4
202 39 1 137 1
203 558 3 563 4
204 376 2 646 1
205 529 2 790 2
206 23 3 745 4
207 361 4 557 4
208 119 4 142 2
209 78 3 421 4
210 173 4 471 3
211 135 1 395 3
212 346 2 531 4
213 173 1 500 1
214 382 4 518 3
215 127 4 850 4
216 246 3 894 1
217 209 4 783 2
218 54 3 563 1
219 123 2 593 4
220 637 4 750 1
221 188 4 194 4
222 98 4 307 4
223 124 1 307 3
224 173 2 411 2
225 134 1 485 2
226 667 4 882 1
227 115 2 268 1
228 86 3 440 1
229 468 3 614 3
230 57 4 564 2
231 383 2 738 4
232 592 1 598 1
233 48 1 621 1
234 170 2 282 4
235 264 3 836 3
236 31 1 413 2
237 303 2 586 1
238 546 3 567 1
239 70 2 813 3
240 155 4 681 2
241 534 2 793 4
242 19 2 723 2
243 231 2 484 4
244 17 3 66 2
245 169 4 299 2
246 168 4 562 4
247 196 4 793 2
248 422 3 609 2
249 83 1 776 3
250 344 4 643 2
251 26 1 783 1
252 314 4 436 2
253 555 3 848 1
254 329 1 377 4
255 601 1 654 2
256 396 1 507 3
257 617 3 727 2
258 530 1 704 1
259 486 1 896 1
260 153 4 788 3
261 681 4 890 2
262 178 1 711 1
263 199 4 723 4
264 7 4 75 2
265 207 2 619 1
266 521 1 532 2
267 842 2 875 1
268 9 2 351 4
269 535 1 658 3
270 163 1 303 4
271 356 2 866 1
272 584 2 741 4
273 45 4 645 3
274 663 4 715 2
275 259 4 605 1
276 208 1 311 1
277 462 2 613 4
278 370 2 610 3
279 65 4 114 3
280 29 2 96 4
281 612 4 788 2
282 315 2 837 3
283 77 2 283 1
284 27 3 749 1
285 32 1 122 1
286 65 1 110 4
287 287 2 721 4
288 191 1 350 2
289 471 1 684 4
290 101 2 749 3
291 584 3 817 4
292 260 1 845 2
293 241 2 391 3
294 672 2 742 2
295 497 2 805 1
296 478 3 625 4
297 571 3 615 4
298 355 2 603 4
299 204 1 557 3
300 37 2 604 3
301 635 4 726 4
302 275 1 361 1
303 742 3 864 4
304 371 4 378 1
305 232 3 849 3
306 102 4 803 2
307 248 3 296 3
308 585 2 872 1
309 264 2 740 4
310 263 4 650 1
311 90 1 712 1
312 258 2 623 4
313 653 1 766 1
314 226 1 792 1
315 50 4 289 2
316 309 1 603 1
317 492 4 687 2
318 138 4 899 2
319 43 4 85 2
320 79 3 443 4
321 50 3 872 2
322 500 2 816 1
323 164 1 273 4
324 65 2 448 2
325 111 1 888 2
326 618 2 690 1
327 1 2 694 4
328 391 2 740 1
329 789 1 883 1
330 14 1 619 4
331 23 2 698 2
332 456 4 682 3
333 69 4 848 4
334 674 4 826 4
335 162 1 680 3
336 149 3 244 3
337 149 4 367 4
338 38 2 206 4
339 140 1 540 2
340 310 2 520 2
341 71 2 716 1
342 434 4 852 4
343 444 3 767 1
344 301 3 699 2
345 310 1 714 4
346 428 3 708 2
347 84 1 488 1
348 589 4 610 1
349 532 3 853 3
350 463 1 890 4
351 151 3 216 1
352 166 4 299 3
353 145 1 627 1
354 253 1 522 2
355 458 2 528 1
356 102 3 480 4
357 55 1 83 3
358 112 2 545 4
359 435 1 649 4
360 123 3 360 2
361 308 3 386 2
362 147 3 205 1
363 437 3 598 3
364 357 2 477 3
365 104 3 188 2
366 289 4 602 3
367 118 1 652 1
368 8 3 552 1
369 400 4 578 2
370 357 3 761 1
371 220 2 251 1
372 222 2 480 1
373 395 4 484 2
374 722 2 781 2
375 20 4 97 4
376 75 4 242 1
377 389 1 843 4
378 152 3 760 3
379 71 3 628 1
380 131 2 745 1
381 10 3 184 1
382 367 1 754 1
383 51 3 634 2
384 330 4 763 3
385 130 1 602 1
386 138 3 621 4
387 15 1 714 1
388 6 2 256 1
389 182 3 576 4
390 198 4 516 2
391 587 1 860 2
392 196 3 457 4
393 429 1 786 1
394 242 2 310 3
395 104 4 781 3
396 189 2 428 2
397 129 2 150 1
398 106 3 287 4
399 100 4 331 3
400 375 3 464 3
401 513 1 573 3
402 74 2 665 4
403 89 2 531 2
404 649 3 874 3
405 150 4 794 2
406 392 1 577 4
407 496 1 631 2
408 185 1 719 4
409 607 3 659 4
410 515 3 822 2
411 171 1 815 4
412 702 4 821 2
413 732 3 881 1
414 223 3 405 1
415 337 1 823 3
416 423 1 442 2
417 252 2 744 4
418 459 2 491 3
419 261 2 769 3
420 411 3 824 3
421 136 1 426 4
422 55 2 596 4
423 125 1 846 1
424 242 4 832 4
425 455 1 741 3
426 192 4 713 2
427 31 3 343 4
428 411 4 686 4
429 363 1 746 1
430 420 1 708 4
431 215 1 343 1
432 22 3 810 4
433 397 3 445 4
434 427 3 686 2
435 331 2 618 1
436 85 4 218 2
437 193 1 523 2
438 218 3 654 1
439 67 1 632 3
440 95 1 223 2
441 128 4 407 4
442 160 1 754 3
443 36 2 654 3
444 154 3 183 4
445 375 4 806 4
446 217 4 598 2
447 54 4 465 2
448 510 3 826 3
449 256 3 717 1
450 177 2 224 1
451 352 4 383 1
452 265 1 359 4
453 140 3 547 1
454 171 3 869 2
455 155 1 707 3
456 63 1 784 4
457 162 2 810 2
458 319 4 543 4
459 272 1 427 1
460 215 2 606 1
461 574 2 726 1
462 384 3 596 3
463 661 1 887 1
464 363 3 645 2
465 626 3 779 3
466 334 3 777 4
467 389 2 506 4
468 193 3 472 2
469 145 4 277 3
470 706 3 873 2
471 300 3 317 2
472 600 4 691 2
473 641 3 751 2
474 223 4 822 4
475 95 2 514 2
476 535 3 745 2
477 89 4 879 4
478 610 4 685 3
479 27 1 62 1
480 7 3 472 4
481 323 2 567 3
482 133 4 570 1
483 239 4 495 3
484 203 4 667 1
485 16 1 185 2
486 164 2 232 1
487 105 1 841 4
488 636 4 854 1
489 639 2 768 3
490 190 4 197 2
491 93 4 766 2
492 184 3 323 3
493 721 2 815 3
494 101 3 549 1
495 74 1 735 4
496 564 1 754 4
497 56 4 491 4
498 824 2 899 3
499 18 1 883 4
500 82 2 348 1
501 572 3 755 4
502 484 1 573 1
503 590 1 773 3
504 103 2 487 4
505 186 1 450 2
506 326 2 648 1
507 246 2 481 4
508 123 4 582 1
509 330 3 829 2
510 626 1 778 2
511 279 4 450 3
512 840 2 897 1
513 414 3 614 2
514 188 1 353 2
515 337 4 777 3
516 627 4 669 1
517 274 4 896 4
518 580 4 807 3
519 572 1 603 3
520 22 2 481 1
521 81 2 718 3
522 240 3 645 1
523 119 2 641 4
524 471 4 846 3
525 43 3 653 2
526 172 4 212 4
527 94 2 116 4
528 138 1 486 3
529 226 2 391 4
530 227 1 465 4
531 604 1 610 2
532 160 4 552 3
533 110 1 136 2
534 321 4 876 4
535 284 2 758 1
536 376 1 642 1
537 398 1 868 1
538 321 1 628 4
539 100 2 622 2
540 703 3 877 3
541 629 4 836 4
542 529 1 729 2
543 591 1 692 1
544 225 2 419 4
545 11 1 324 3
546 675 3 829 1
547 127 1 259 3
548 269 2 600 1
549 651 1 746 4
550 467 3 570 2
551 668 4 899 4
552 12 3 147 1
553 98 1 254 1
554 110 2 757 3
555 460 4 555 4
556 221 4 388 4
557 435 2 717 2
558 202 4 849 4
559 348 4 449 1
560 260 2 852 1
561 271 2 412 1
562 280 2 815 1
563 32 2 799 4
564 203 2 334 2
565 352 2 552 2
566 113 4 526 1
567 213 1 400 2
568 604 2 666 4
569 572 2 608 4
570 11 4 57 1
571 329 4 482 4
572 621 2 819 1
573 254 3 734 2
574 234 3 527 2
575 688 2 728 2
576 71 1 158 3
577 192 2 694 1
578 237 1 710 2
579 507 1 614 1
580 631 1 716 3
581 436 4 890 1
582 58 1 92 2
583 462 1 891 2
584 453 4 532 1
585 78 4 514 3
586 1 4 778 3
587 162 3 314 3
588 41 4 679 1
589 371 3 709 3
590 576 2 882 2
591 325 1 569 4
592 560 1 705 3
593 317 1 449 3
594 124 2 682 1
595 67 4 547 4
596 425 4 633 3
597 326 4 735 1
598 204 2 893 3
599 193 4 874 4
600 700 2 865 3
601 289 3 340 1
602 716 2 862 3
603 396 3 854 3
604 270 4 551 1
605 280 4 462 3
606 386 3 675 2
607 13 2 34 2
608 141 2 360 1
609 19 4 713 4
610 263 2 672 3
611 722 1 897 2
612 270 2 560 4
613 46 3 490 1
614 44 3 502 3
615 187 4 809 4
616 180 3 285 2
617 499 4 618 4
618 387 2 612 3
619 587 2 676 2
620 210 1 583 1
621 327 3 784 1
622 15 4 433 1
623 763 2 886 2
624 273 2 851 1
625 2 3 269 1
626 88 3 526 3
627 325 2 370 1
628 250 3 279 1
629 235 1 508 2
630 658 4 794 4
631 633 4 665 1
632 412 3 658 2
633 30 3 33 4
634 476 2 765 2
635 519 2 640 4
636 512 3 797 2
637 234 1 555 2
638 149 1 650 4
639 236 1 445 2
640 134 4 385 3
641 159 2 881 2
642 107 1 280 1
643 76 2 465 1
644 39 4 48 2
645 175 3 704 2
646 415 1 862 4
647 550 1 814 4
648 146 4 180 2
649 421 2 461 1
650 715 3 846 4
651 204 3 754 2
652 56 2 856 3
653 111 2 166 2
654 333 2 677 4
655 276 3 530 2
656 422 2 655 3
657 183 2 452 4
658 12 4 808 4
659 635 1 646 3
660 272 2 402 1
661 589 3 647 3
662 199 1 874 2
663 27 4 463 3
664 122 3 524 3
665 856 4 866 3
666 93 2 419 3
667 434 1 678 3
668 120 2 248 2
669 4 2 288 4
670 8 1 537 1
671 9 1 844 3
672 447 1 841 1
673 422 1 667 3
674 385 1 746 2
675 286 2 393 1
676 789 4 802 4
677 170 4 794 1
678 114 4 665 2
679 344 3 785 4
680 143 2 547 3
681 264 4 549 4
682 111 3 776 1
683 247 3 423 3
684 489 3 899 1
685 748 4 865 4
686 229 3 407 2
687 185 3 437 1
688 286 4 312 2
689 108 4 831 3
690 299 4 725 3
691 484 3 525 3
692 261 4 272 4
693 20 1 332 1
694 620 1 623 3
695 206 1 355 1
696 194 2 454 2
697 67 3 124 4
698 70 4 126 4
699 189 4 461 3
700 630 1 834 1
701 133 3 327 4
702 10 4 741 2
703 153 3 323 1
704 125 3 483 2
705 405 2 736 1
706 374 4 656 3
707 3 1 520 1
708 214 1 404 2
709 188 3 731 1
710 462 4 883 3
711 283 4 497 1
712 302 1 496 2
713 58 4 500 3
714 62 2 112 3
715 318 2 847 2
716 440 4 481 2
717 186 3 445 1
718 23 1 672 4
719 110 3 522 3
720 558 4 583 4
