800
360
1 265 4 581 3
2 444 3 742 3
3 194 1 284 2
4 394 3 729 3
5 37 3 104 3
6 5 2 430 3
7 58 2 552 3
8 142 4 761 1
9 171 1 633 1
10 194 4 443 4
11 39 1 345 4
12 100 1 555 1
13 267 3 728 3
14 44 2 755 3
15 79 2 650 1
16 129 3 632 1
17 111 3 573 4
18 455 2 632 2
19 40 1 668 4
20 46 4 757 3
21 161 2 598 3
22 302 4 409 2
23 228 2 422 4
24 579 2 671 1
25 105 2 616 3
26 215 4 715 3
27 147 2 431 2
28 101 4 470 1
29 36 2 474 3
30 91 1 238 4
31 155 3 668 2
32 439 1 728 2
33 270 3 778 4
34 305 4 670 3
35 426 2 716 2
36 74 3 550 2
37 1 4 52 1
38 229 1 770 4
39 37 1 473 4
40 99 1 289 2
41 141 2 601 4
42 287 3 491 4
43 160 4 232 1
44 193 4 676 2
45 114 1 484 1
46 283 4 638 3
47 722 1 781 2
48 53 4 247 1
49 479 3 723 2
50 39 4 104 4
51 589 1 638 4
52 466 3 639 3
53 436 2 640 1
54 67 4 600 4
55 453 4 472 3
56 100 4 377 1
57 387 3 773 4
58 515 3 550 4
59 166 3 198 4
60 664 1 737 3
61 89 2 146 3
62 625 1 666 3
63 299 3 705 2
64 137 2 216 4
65 493 3 682 2
66 264 1 620 3
67 605 4 618 4
68 277 2 420 3
69 559 3 796 3
70 13 2 665 1
71 63 3 251 3
72 66 1 274 2
73 289 3 439 4
74 440 3 551 4
75 587 2 664 2
76 9 4 59 4
77 163 3 725 2
78 633 4 750 1
79 117 4 337 4
80 86 3 610 2
81 507 1 637 3
82 311 4 717 4
83 76 1 213 4
84 333 1 740 2
85 514 2 683 3
86 478 4 787 3
87 236 3 767 2
88 406 4 577 4
89 61 4 753 4
90 678 1 707 3
91 282 4 461 2
92 34 4 532 2
93 238 2 380 1
94 297 1 671 2
95 549 2 613 3
96 112 2 633 2
97 314 3 453 2
98 51 3 315 4
99 529 3 623 4
100 59 3 590 2
101 503 3 783 4
102 46 1 677 4
103 106 4 568 2
104 630 3 642 1
105 618 1 795 3
106 36 3 566 2
107 277 3 567 4
108 600 2 656 3
109 293 1 470 3
110 273 1 571 2
111 84 4 152 4
112 213 2 491 2
113 188 4 507 4
114 94 4 490 4
115 139 4 179 2
116 234 4 367 3
117 485 1 533 3
118 244 1 403 4
119 203 1 454 1
120 387 4 746 1
121 274 3 731 1
122 14 4 287 4
123 404 3 701 2
124 43 3 455 4
125 64 1 277 1
126 427 4 639 4
127 106 2 701 3
128 304 2 526 1
129 506 3 512 2
130 124 2 154 2
131 26 3 685 4
132 84 2 613 1
133 98 1 599 1
134 99 4 490 3
135 286 2 709 4
136 601 1 662 2
137 325 3 689 2
138 656 1 704 3
139 258 4 719 1
140 19 3 619 3
141 544 4 652 2
142 410 4 776 4
143 210 4 404 2
144 488 1 622 1
145 513 3 557 3
146 506 4 640 4
147 200 2 225 4
148 282 3 511 1
149 109 1 370 3
150 372 2 721 3
151 547 1 564 1
152 576 3 666 1
153 494 3 743 4
154 124 1 250 2
155 211 1 282 1
156 239 1 780 1
157 214 1 614 2
158 214 3 595 1
159 27 2 498 4
160 386 4 723 4
161 156 2 226 3
162 433 4 622 4
163 543 2 560 1
164 56 2 607 1
165 287 1 425 1
166 36 1 588 3
167 24 2 388 4
168 298 2 305 3
169 188 1 284 3
170 372 3 525 2
171 40 3 765 2
172 208 4 300 3
173 167 4 331 1
174 137 1 680 1
175 212 3 797 1
176 20 3 715 1
177 11 4 384 3
178 361 2 536 2
179 406 2 756 1
180 409 4 474 2
181 437 2 726 3
182 391 1 449 2
183 628 1 720 3
184 10 1 82 4
185 430 4 434 1
186 714 4 761 4
187 164 1 645 3
188 733 1 734 2
189 34 2 151 3
190 106 1 162 2
191 417 4 466 2
192 661 1 697 3
193 359 4 658 4
194 269 4 796 1
195 584 2 718 1
196 475 4 674 2
197 139 1 337 1
198 58 3 163 4
199 246 1 776 2
200 494 4 596 4
201 690 2 729 2
202 145 4 623 3
203 296 2 661 2
204 145 1 766 3
205 457 4 561 4
206 642 2 719 4
207 278 3 421 4
208 500 2 690 3
209 273 4 571 3
210 95 3 435 1
211 246 2 431 4
212 400 1 573 1
213 50 4 327 4
214 94 1 646 3
215 309 4 783 2
216 63 1 454 3
217 688 4 694 4
218 607 4 798 4
219 11 2 373 2
220 85 2 134 1
221 467 4 582 1
222 315 2 568 1
223 340 1 386 3
224 468 3 714 3
225 38 4 283 2
226 21 1 448 1
227 113 4 245 4
228 370 2 482 4
229 636 3 664 3
230 641 1 687 3
231 186 1 403 2
232 346 3 767 1
233 70 2 113 3
234 411 2 685 3
235 231 2 484 4
236 217 3 766 2
237 469 4 699 2
238 368 4 562 4
239 496 4 593 2
240 122 3 709 2
241 376 3 583 1
242 143 2 144 4
243 114 4 136 2
244 48 1 255 3
245 29 1 177 4
246 1 1 654 2
247 107 3 696 1
248 404 1 730 1
249 196 1 586 1
250 281 4 390 2
251 478 1 611 1
252 323 4 799 4
253 394 1 650 2
254 7 2 119 1
255 121 1 732 2
256 475 1 542 2
257 456 1 570 3
258 309 2 651 4
259 563 1 703 4
260 120 4 561 2
261 166 1 756 2
262 41 4 784 2
263 146 4 652 4
264 215 2 363 4
265 105 1 259 4
266 28 2 162 3
267 62 2 413 4
268 110 3 270 2
269 29 2 296 4
270 12 4 688 2
271 337 3 615 2
272 283 1 477 2
273 127 3 249 1
274 266 3 572 4
275 326 3 439 2
276 149 2 438 1
277 321 4 787 2
278 50 2 591 1
279 71 1 384 4
280 1 2 449 3
281 460 1 745 2
282 329 3 570 1
283 562 2 611 3
284 226 1 455 3
285 491 3 541 2
286 227 2 262 3
287 391 2 504 1
288 142 2 672 2
289 205 1 597 2
290 525 4 578 3
291 71 3 115 4
292 185 4 604 1
293 393 2 465 4
294 35 4 126 4
295 503 2 581 2
296 239 3 295 3
297 636 2 686 1
298 371 4 378 1
299 149 3 432 3
300 193 3 552 2
301 157 3 737 2
302 340 4 764 2
303 550 1 663 4
304 90 1 512 1
305 123 4 158 2
306 453 1 466 1
307 592 1 626 1
308 450 4 589 2
309 87 2 592 4
310 143 4 785 2
311 179 3 243 4
312 365 1 513 4
313 65 2 248 2
314 111 1 188 2
315 18 2 190 1
316 602 4 726 2
317 323 2 398 2
318 356 4 482 3
319 147 4 171 4
320 23 4 319 4
321 526 4 674 4
322 262 1 580 3
323 690 4 739 1
324 367 4 749 4
325 206 4 338 2
326 10 2 420 2
327 216 1 471 2
328 352 4 434 4
329 584 3 675 1
330 32 2 140 2
331 467 1 644 3
332 599 2 601 3
333 110 1 614 4
334 408 2 628 3
335 89 4 210 1
336 26 2 365 4
337 453 3 732 3
338 263 1 790 4
339 426 3 490 2
340 499 4 632 4
341 345 1 727 1
342 145 3 354 1
343 122 2 553 1
344 228 1 558 2
345 80 4 602 3
346 255 1 583 3
347 12 2 45 4
348 437 4 533 1
349 149 4 535 1
350 521 4 770 3
351 23 3 60 2
352 272 2 272 4
353 486 2 608 3
354 498 3 537 3
355 108 1 188 3
356 577 3 657 2
357 4 3 788 2
358 589 4 702 3
359 332 1 383 4
360 18 1 352 1
